#       i  cr  sl  tb  dcc  spigot  fiber/slb  fibcha/slbcha  subdet  ieta  iphi  depth 
0	61	1	u	0	0	1	0	HB	10	5	4
0	61	1	u	0	0	1	1	HB	9	5	4
0	61	1	u	0	0	1	2	HB	12	5	4
0	61	1	u	0	0	1	3	HB	11	5	4
0	61	1	u	0	0	1	4	HB	10	5	2
0	61	1	u	0	0	1	5	HB	9	5	2
0	61	1	u	0	0	1	6	HB	12	5	2
0	61	1	u	0	0	1	7	HB	11	5	2
0	61	1	u	0	0	2	0	HB	16	5	1
0	61	1	u	0	0	2	1	HB	15	5	1
0	61	1	u	0	0	2	2	HB	14	5	1
0	61	1	u	0	0	2	3	HB	13	5	1
0	61	1	u	0	0	2	4	HB	16	5	3
0	61	1	u	0	0	2	5	HB	15	5	3
0	61	1	u	0	0	2	6	HB	14	5	3
0	61	1	u	0	0	2	7	HB	13	5	3
0	61	1	u	0	0	3	0	HB	14	5	4
0	61	1	u	0	0	3	1	HB	13	5	4
0	61	1	u	0	0	3	2	HB	16	5	4
0	61	1	u	0	0	3	3	HB	15	5	4
0	61	1	u	0	0	3	4	HB	14	5	2
0	61	1	u	0	0	3	5	HB	13	5	2
0	61	1	u	0	0	3	6	HB	16	5	2
0	61	1	u	0	0	3	7	HB	15	5	2
0	61	1	u	0	0	4	0	HB	4	5	1
0	61	1	u	0	0	4	1	HB	3	5	1
0	61	1	u	0	0	4	2	HB	2	5	1
0	61	1	u	0	0	4	3	HB	1	5	1
0	61	1	u	0	0	4	4	HB	4	5	3
0	61	1	u	0	0	4	5	HB	3	5	3
0	61	1	u	0	0	4	6	HB	2	5	3
0	61	1	u	0	0	4	7	HB	1	5	3
0	61	1	u	0	0	5	0	HB	2	5	4
0	61	1	u	0	0	5	1	HB	1	5	4
0	61	1	u	0	0	5	2	HB	4	5	4
0	61	1	u	0	0	5	3	HB	3	5	4
0	61	1	u	0	0	5	4	HB	2	5	2
0	61	1	u	0	0	5	5	HB	1	5	2
0	61	1	u	0	0	5	6	HB	4	5	2
0	61	1	u	0	0	5	7	HB	3	5	2
0	61	1	u	0	0	6	0	HB	8	5	1
0	61	1	u	0	0	6	1	HB	7	5	1
0	61	1	u	0	0	6	2	HB	6	5	1
0	61	1	u	0	0	6	3	HB	5	5	1
0	61	1	u	0	0	6	4	HB	8	5	3
0	61	1	u	0	0	6	5	HB	7	5	3
0	61	1	u	0	0	6	6	HB	6	5	3
0	61	1	u	0	0	6	7	HB	5	5	3
0	61	1	u	0	0	7	0	HB	6	5	4
0	61	1	u	0	0	7	1	HB	5	5	4
0	61	1	u	0	0	7	2	HB	8	5	4
0	61	1	u	0	0	7	3	HB	7	5	4
0	61	1	u	0	0	7	4	HB	6	5	2
0	61	1	u	0	0	7	5	HB	5	5	2
0	61	1	u	0	0	7	6	HB	8	5	2
0	61	1	u	0	0	7	7	HB	7	5	2
0	61	1	u	0	0	8	0	HB	12	5	1
0	61	1	u	0	0	8	1	HB	11	5	1
0	61	1	u	0	0	8	2	HB	10	5	1
0	61	1	u	0	0	8	3	HB	9	5	1
0	61	1	u	0	0	8	4	HB	12	5	3
0	61	1	u	0	0	8	5	HB	11	5	3
0	61	1	u	0	0	8	6	HB	10	5	3
0	61	1	u	0	0	8	7	HB	9	5	3
0	61	1	u	0	0	1	0	HB	10	6	1
0	61	1	u	0	0	1	1	HB	9	6	1
0	61	1	u	0	0	1	2	HB	12	6	1
0	61	1	u	0	0	1	3	HB	11	6	1
0	61	1	u	0	0	1	4	HB	10	6	3
0	61	1	u	0	0	1	5	HB	9	6	3
0	61	1	u	0	0	1	6	HB	12	6	3
0	61	1	u	0	0	1	7	HB	11	6	3
0	61	1	u	0	0	2	0	HB	16	6	4
0	61	1	u	0	0	2	1	HB	15	6	4
0	61	1	u	0	0	2	2	HB	14	6	4
0	61	1	u	0	0	2	3	HB	13	6	4
0	61	1	u	0	0	2	4	HB	16	6	2
0	61	1	u	0	0	2	5	HB	15	6	2
0	61	1	u	0	0	2	6	HB	14	6	2
0	61	1	u	0	0	2	7	HB	13	6	2
0	61	1	u	0	0	3	0	HB	14	6	1
0	61	1	u	0	0	3	1	HB	13	6	1
0	61	1	u	0	0	3	2	HB	16	6	1
0	61	1	u	0	0	3	3	HB	15	6	1
0	61	1	u	0	0	3	4	HB	14	6	3
0	61	1	u	0	0	3	5	HB	13	6	3
0	61	1	u	0	0	3	6	HB	16	6	3
0	61	1	u	0	0	3	7	HB	15	6	3
0	61	1	u	0	0	4	0	HB	4	6	4
0	61	1	u	0	0	4	1	HB	3	6	4
0	61	1	u	0	0	4	2	HB	2	6	4
0	61	1	u	0	0	4	3	HB	1	6	4
0	61	1	u	0	0	4	4	HB	4	6	2
0	61	1	u	0	0	4	5	HB	3	6	2
0	61	1	u	0	0	4	6	HB	2	6	2
0	61	1	u	0	0	4	7	HB	1	6	2
0	61	1	u	0	0	5	0	HB	2	6	1
0	61	1	u	0	0	5	1	HB	1	6	1
0	61	1	u	0	0	5	2	HB	4	6	1
0	61	1	u	0	0	5	3	HB	3	6	1
0	61	1	u	0	0	5	4	HB	2	6	3
0	61	1	u	0	0	5	5	HB	1	6	3
0	61	1	u	0	0	5	6	HB	4	6	3
0	61	1	u	0	0	5	7	HB	3	6	3
0	61	1	u	0	0	6	0	HB	8	6	4
0	61	1	u	0	0	6	1	HB	7	6	4
0	61	1	u	0	0	6	2	HB	6	6	4
0	61	1	u	0	0	6	3	HB	5	6	4
0	61	1	u	0	0	6	4	HB	8	6	2
0	61	1	u	0	0	6	5	HB	7	6	2
0	61	1	u	0	0	6	6	HB	6	6	2
0	61	1	u	0	0	6	7	HB	5	6	2
0	61	1	u	0	0	7	0	HB	6	6	1
0	61	1	u	0	0	7	1	HB	5	6	1
0	61	1	u	0	0	7	2	HB	8	6	1
0	61	1	u	0	0	7	3	HB	7	6	1
0	61	1	u	0	0	7	4	HB	6	6	3
0	61	1	u	0	0	7	5	HB	5	6	3
0	61	1	u	0	0	7	6	HB	8	6	3
0	61	1	u	0	0	7	7	HB	7	6	3
0	61	1	u	0	0	8	0	HB	12	6	4
0	61	1	u	0	0	8	1	HB	11	6	4
0	61	1	u	0	0	8	2	HB	10	6	4
0	61	1	u	0	0	8	3	HB	9	6	4
0	61	1	u	0	0	8	4	HB	12	6	2
0	61	1	u	0	0	8	5	HB	11	6	2
0	61	1	u	0	0	8	6	HB	10	6	2
0	61	1	u	0	0	8	7	HB	9	6	2
0	61	1	u	0	0	1	0	HB	10	7	4
0	61	1	u	0	0	1	1	HB	9	7	4
0	61	1	u	0	0	1	2	HB	12	7	4
0	61	1	u	0	0	1	3	HB	11	7	4
0	61	1	u	0	0	1	4	HB	10	7	2
0	61	1	u	0	0	1	5	HB	9	7	2
0	61	1	u	0	0	1	6	HB	12	7	2
0	61	1	u	0	0	1	7	HB	11	7	2
0	61	1	u	0	0	2	0	HB	16	7	1
0	61	1	u	0	0	2	1	HB	15	7	1
0	61	1	u	0	0	2	2	HB	14	7	1
0	61	1	u	0	0	2	3	HB	13	7	1
0	61	1	u	0	0	2	4	HB	16	7	3
0	61	1	u	0	0	2	5	HB	15	7	3
0	61	1	u	0	0	2	6	HB	14	7	3
0	61	1	u	0	0	2	7	HB	13	7	3
0	61	1	u	0	0	3	0	HB	14	7	4
0	61	1	u	0	0	3	1	HB	13	7	4
0	61	1	u	0	0	3	2	HB	16	7	4
0	61	1	u	0	0	3	3	HB	15	7	4
0	61	1	u	0	0	3	4	HB	14	7	2
0	61	1	u	0	0	3	5	HB	13	7	2
0	61	1	u	0	0	3	6	HB	16	7	2
0	61	1	u	0	0	3	7	HB	15	7	2
0	61	1	u	0	0	4	0	HB	4	7	1
0	61	1	u	0	0	4	1	HB	3	7	1
0	61	1	u	0	0	4	2	HB	2	7	1
0	61	1	u	0	0	4	3	HB	1	7	1
0	61	1	u	0	0	4	4	HB	4	7	3
0	61	1	u	0	0	4	5	HB	3	7	3
0	61	1	u	0	0	4	6	HB	2	7	3
0	61	1	u	0	0	4	7	HB	1	7	3
0	61	1	u	0	0	5	0	HB	2	7	4
0	61	1	u	0	0	5	1	HB	1	7	4
0	61	1	u	0	0	5	2	HB	4	7	4
0	61	1	u	0	0	5	3	HB	3	7	4
0	61	1	u	0	0	5	4	HB	2	7	2
0	61	1	u	0	0	5	5	HB	1	7	2
0	61	1	u	0	0	5	6	HB	4	7	2
0	61	1	u	0	0	5	7	HB	3	7	2
0	61	1	u	0	0	6	0	HB	8	7	1
0	61	1	u	0	0	6	1	HB	7	7	1
0	61	1	u	0	0	6	2	HB	6	7	1
0	61	1	u	0	0	6	3	HB	5	7	1
0	61	1	u	0	0	6	4	HB	8	7	3
0	61	1	u	0	0	6	5	HB	7	7	3
0	61	1	u	0	0	6	6	HB	6	7	3
0	61	1	u	0	0	6	7	HB	5	7	3
0	61	1	u	0	0	7	0	HB	6	7	4
0	61	1	u	0	0	7	1	HB	5	7	4
0	61	1	u	0	0	7	2	HB	8	7	4
0	61	1	u	0	0	7	3	HB	7	7	4
0	61	1	u	0	0	7	4	HB	6	7	2
0	61	1	u	0	0	7	5	HB	5	7	2
0	61	1	u	0	0	7	6	HB	8	7	2
0	61	1	u	0	0	7	7	HB	7	7	2
0	61	1	u	0	0	8	0	HB	12	7	1
0	61	1	u	0	0	8	1	HB	11	7	1
0	61	1	u	0	0	8	2	HB	10	7	1
0	61	1	u	0	0	8	3	HB	9	7	1
0	61	1	u	0	0	8	4	HB	12	7	3
0	61	1	u	0	0	8	5	HB	11	7	3
0	61	1	u	0	0	8	6	HB	10	7	3
0	61	1	u	0	0	8	7	HB	9	7	3
0	61	2	u	0	0	1	0	HB	10	8	1
0	61	2	u	0	0	1	1	HB	9	8	1
0	61	2	u	0	0	1	2	HB	12	8	1
0	61	2	u	0	0	1	3	HB	11	8	1
0	61	2	u	0	0	1	4	HB	10	8	3
0	61	2	u	0	0	1	5	HB	9	8	3
0	61	2	u	0	0	1	6	HB	12	8	3
0	61	2	u	0	0	1	7	HB	11	8	3
0	61	2	u	0	0	2	0	HB	16	8	4
0	61	2	u	0	0	2	1	HB	15	8	4
0	61	2	u	0	0	2	2	HB	14	8	4
0	61	2	u	0	0	2	3	HB	13	8	4
0	61	2	u	0	0	2	4	HB	16	8	2
0	61	2	u	0	0	2	5	HB	15	8	2
0	61	2	u	0	0	2	6	HB	14	8	2
0	61	2	u	0	0	2	7	HB	13	8	2
0	61	2	u	0	0	3	0	HB	14	8	1
0	61	2	u	0	0	3	1	HB	13	8	1
0	61	2	u	0	0	3	2	HB	16	8	1
0	61	2	u	0	0	3	3	HB	15	8	1
0	61	2	u	0	0	3	4	HB	14	8	3
0	61	2	u	0	0	3	5	HB	13	8	3
0	61	2	u	0	0	3	6	HB	16	8	3
0	61	2	u	0	0	3	7	HB	15	8	3
0	61	2	u	0	0	4	0	HB	4	8	4
0	61	2	u	0	0	4	1	HB	3	8	4
0	61	2	u	0	0	4	2	HB	2	8	4
0	61	2	u	0	0	4	3	HB	1	8	4
0	61	2	u	0	0	4	4	HB	4	8	2
0	61	2	u	0	0	4	5	HB	3	8	2
0	61	2	u	0	0	4	6	HB	2	8	2
0	61	2	u	0	0	4	7	HB	1	8	2
0	61	2	u	0	0	5	0	HB	2	8	1
0	61	2	u	0	0	5	1	HB	1	8	1
0	61	2	u	0	0	5	2	HB	4	8	1
0	61	2	u	0	0	5	3	HB	3	8	1
0	61	2	u	0	0	5	4	HB	2	8	3
0	61	2	u	0	0	5	5	HB	1	8	3
0	61	2	u	0	0	5	6	HB	4	8	3
0	61	2	u	0	0	5	7	HB	3	8	3
0	61	2	u	0	0	6	0	HB	8	8	4
0	61	2	u	0	0	6	1	HB	7	8	4
0	61	2	u	0	0	6	2	HB	6	8	4
0	61	2	u	0	0	6	3	HB	5	8	4
0	61	2	u	0	0	6	4	HB	8	8	2
0	61	2	u	0	0	6	5	HB	7	8	2
0	61	2	u	0	0	6	6	HB	6	8	2
0	61	2	u	0	0	6	7	HB	5	8	2
0	61	2	u	0	0	7	0	HB	6	8	1
0	61	2	u	0	0	7	1	HB	5	8	1
0	61	2	u	0	0	7	2	HB	8	8	1
0	61	2	u	0	0	7	3	HB	7	8	1
0	61	2	u	0	0	7	4	HB	6	8	3
0	61	2	u	0	0	7	5	HB	5	8	3
0	61	2	u	0	0	7	6	HB	8	8	3
0	61	2	u	0	0	7	7	HB	7	8	3
0	61	2	u	0	0	8	0	HB	12	8	4
0	61	2	u	0	0	8	1	HB	11	8	4
0	61	2	u	0	0	8	2	HB	10	8	4
0	61	2	u	0	0	8	3	HB	9	8	4
0	61	2	u	0	0	8	4	HB	12	8	2
0	61	2	u	0	0	8	5	HB	11	8	2
0	61	2	u	0	0	8	6	HB	10	8	2
0	61	2	u	0	0	8	7	HB	9	8	2
0	61	2	u	0	0	1	0	HB	10	9	4
0	61	2	u	0	0	1	1	HB	9	9	4
0	61	2	u	0	0	1	2	HB	12	9	4
0	61	2	u	0	0	1	3	HB	11	9	4
0	61	2	u	0	0	1	4	HB	10	9	2
0	61	2	u	0	0	1	5	HB	9	9	2
0	61	2	u	0	0	1	6	HB	12	9	2
0	61	2	u	0	0	1	7	HB	11	9	2
0	61	2	u	0	0	2	0	HB	16	9	1
0	61	2	u	0	0	2	1	HB	15	9	1
0	61	2	u	0	0	2	2	HB	14	9	1
0	61	2	u	0	0	2	3	HB	13	9	1
0	61	2	u	0	0	2	4	HB	16	9	3
0	61	2	u	0	0	2	5	HB	15	9	3
0	61	2	u	0	0	2	6	HB	14	9	3
0	61	2	u	0	0	2	7	HB	13	9	3
0	61	2	u	0	0	3	0	HB	14	9	4
0	61	2	u	0	0	3	1	HB	13	9	4
0	61	2	u	0	0	3	2	HB	16	9	4
0	61	2	u	0	0	3	3	HB	15	9	4
0	61	2	u	0	0	3	4	HB	14	9	2
0	61	2	u	0	0	3	5	HB	13	9	2
0	61	2	u	0	0	3	6	HB	16	9	2
0	61	2	u	0	0	3	7	HB	15	9	2
0	61	2	u	0	0	4	0	HB	4	9	1
0	61	2	u	0	0	4	1	HB	3	9	1
0	61	2	u	0	0	4	2	HB	2	9	1
0	61	2	u	0	0	4	3	HB	1	9	1
0	61	2	u	0	0	4	4	HB	4	9	3
0	61	2	u	0	0	4	5	HB	3	9	3
0	61	2	u	0	0	4	6	HB	2	9	3
0	61	2	u	0	0	4	7	HB	1	9	3
0	61	2	u	0	0	5	0	HB	2	9	4
0	61	2	u	0	0	5	1	HB	1	9	4
0	61	2	u	0	0	5	2	HB	4	9	4
0	61	2	u	0	0	5	3	HB	3	9	4
0	61	2	u	0	0	5	4	HB	2	9	2
0	61	2	u	0	0	5	5	HB	1	9	2
0	61	2	u	0	0	5	6	HB	4	9	2
0	61	2	u	0	0	5	7	HB	3	9	2
0	61	2	u	0	0	6	0	HB	8	9	1
0	61	2	u	0	0	6	1	HB	7	9	1
0	61	2	u	0	0	6	2	HB	6	9	1
0	61	2	u	0	0	6	3	HB	5	9	1
0	61	2	u	0	0	6	4	HB	8	9	3
0	61	2	u	0	0	6	5	HB	7	9	3
0	61	2	u	0	0	6	6	HB	6	9	3
0	61	2	u	0	0	6	7	HB	5	9	3
0	61	2	u	0	0	7	0	HB	6	9	4
0	61	2	u	0	0	7	1	HB	5	9	4
0	61	2	u	0	0	7	2	HB	8	9	4
0	61	2	u	0	0	7	3	HB	7	9	4
0	61	2	u	0	0	7	4	HB	6	9	2
0	61	2	u	0	0	7	5	HB	5	9	2
0	61	2	u	0	0	7	6	HB	8	9	2
0	61	2	u	0	0	7	7	HB	7	9	2
0	61	2	u	0	0	8	0	HB	12	9	1
0	61	2	u	0	0	8	1	HB	11	9	1
0	61	2	u	0	0	8	2	HB	10	9	1
0	61	2	u	0	0	8	3	HB	9	9	1
0	61	2	u	0	0	8	4	HB	12	9	3
0	61	2	u	0	0	8	5	HB	11	9	3
0	61	2	u	0	0	8	6	HB	10	9	3
0	61	2	u	0	0	8	7	HB	9	9	3
0	61	2	u	0	0	1	0	HB	10	10	1
0	61	2	u	0	0	1	1	HB	9	10	1
0	61	2	u	0	0	1	2	HB	12	10	1
0	61	2	u	0	0	1	3	HB	11	10	1
0	61	2	u	0	0	1	4	HB	10	10	3
0	61	2	u	0	0	1	5	HB	9	10	3
0	61	2	u	0	0	1	6	HB	12	10	3
0	61	2	u	0	0	1	7	HB	11	10	3
0	61	2	u	0	0	2	0	HB	16	10	4
0	61	2	u	0	0	2	1	HB	15	10	4
0	61	2	u	0	0	2	2	HB	14	10	4
0	61	2	u	0	0	2	3	HB	13	10	4
0	61	2	u	0	0	2	4	HB	16	10	2
0	61	2	u	0	0	2	5	HB	15	10	2
0	61	2	u	0	0	2	6	HB	14	10	2
0	61	2	u	0	0	2	7	HB	13	10	2
0	61	2	u	0	0	3	0	HB	14	10	1
0	61	2	u	0	0	3	1	HB	13	10	1
0	61	2	u	0	0	3	2	HB	16	10	1
0	61	2	u	0	0	3	3	HB	15	10	1
0	61	2	u	0	0	3	4	HB	14	10	3
0	61	2	u	0	0	3	5	HB	13	10	3
0	61	2	u	0	0	3	6	HB	16	10	3
0	61	2	u	0	0	3	7	HB	15	10	3
0	61	2	u	0	0	4	0	HB	4	10	4
0	61	2	u	0	0	4	1	HB	3	10	4
0	61	2	u	0	0	4	2	HB	2	10	4
0	61	2	u	0	0	4	3	HB	1	10	4
0	61	2	u	0	0	4	4	HB	4	10	2
0	61	2	u	0	0	4	5	HB	3	10	2
0	61	2	u	0	0	4	6	HB	2	10	2
0	61	2	u	0	0	4	7	HB	1	10	2
0	61	2	u	0	0	5	0	HB	2	10	1
0	61	2	u	0	0	5	1	HB	1	10	1
0	61	2	u	0	0	5	2	HB	4	10	1
0	61	2	u	0	0	5	3	HB	3	10	1
0	61	2	u	0	0	5	4	HB	2	10	3
0	61	2	u	0	0	5	5	HB	1	10	3
0	61	2	u	0	0	5	6	HB	4	10	3
0	61	2	u	0	0	5	7	HB	3	10	3
0	61	2	u	0	0	6	0	HB	8	10	4
0	61	2	u	0	0	6	1	HB	7	10	4
0	61	2	u	0	0	6	2	HB	6	10	4
0	61	2	u	0	0	6	3	HB	5	10	4
0	61	2	u	0	0	6	4	HB	8	10	2
0	61	2	u	0	0	6	5	HB	7	10	2
0	61	2	u	0	0	6	6	HB	6	10	2
0	61	2	u	0	0	6	7	HB	5	10	2
0	61	2	u	0	0	7	0	HB	6	10	1
0	61	2	u	0	0	7	1	HB	5	10	1
0	61	2	u	0	0	7	2	HB	8	10	1
0	61	2	u	0	0	7	3	HB	7	10	1
0	61	2	u	0	0	7	4	HB	6	10	3
0	61	2	u	0	0	7	5	HB	5	10	3
0	61	2	u	0	0	7	6	HB	8	10	3
0	61	2	u	0	0	7	7	HB	7	10	3
0	61	2	u	0	0	8	0	HB	12	10	4
0	61	2	u	0	0	8	1	HB	11	10	4
0	61	2	u	0	0	8	2	HB	10	10	4
0	61	2	u	0	0	8	3	HB	9	10	4
0	61	2	u	0	0	8	4	HB	12	10	2
0	61	2	u	0	0	8	5	HB	11	10	2
0	61	2	u	0	0	8	6	HB	10	10	2
0	61	2	u	0	0	8	7	HB	9	10	2
0	61	3	u	0	0	1	0	HB	10	11	4
0	61	3	u	0	0	1	1	HB	9	11	4
0	61	3	u	0	0	1	2	HB	12	11	4
0	61	3	u	0	0	1	3	HB	11	11	4
0	61	3	u	0	0	1	4	HB	10	11	2
0	61	3	u	0	0	1	5	HB	9	11	2
0	61	3	u	0	0	1	6	HB	12	11	2
0	61	3	u	0	0	1	7	HB	11	11	2
0	61	3	u	0	0	2	0	HB	16	11	1
0	61	3	u	0	0	2	1	HB	15	11	1
0	61	3	u	0	0	2	2	HB	14	11	1
0	61	3	u	0	0	2	3	HB	13	11	1
0	61	3	u	0	0	2	4	HB	16	11	3
0	61	3	u	0	0	2	5	HB	15	11	3
0	61	3	u	0	0	2	6	HB	14	11	3
0	61	3	u	0	0	2	7	HB	13	11	3
0	61	3	u	0	0	3	0	HB	14	11	4
0	61	3	u	0	0	3	1	HB	13	11	4
0	61	3	u	0	0	3	2	HB	16	11	4
0	61	3	u	0	0	3	3	HB	15	11	4
0	61	3	u	0	0	3	4	HB	14	11	2
0	61	3	u	0	0	3	5	HB	13	11	2
0	61	3	u	0	0	3	6	HB	16	11	2
0	61	3	u	0	0	3	7	HB	15	11	2
0	61	3	u	0	0	4	0	HB	4	11	1
0	61	3	u	0	0	4	1	HB	3	11	1
0	61	3	u	0	0	4	2	HB	2	11	1
0	61	3	u	0	0	4	3	HB	1	11	1
0	61	3	u	0	0	4	4	HB	4	11	3
0	61	3	u	0	0	4	5	HB	3	11	3
0	61	3	u	0	0	4	6	HB	2	11	3
0	61	3	u	0	0	4	7	HB	1	11	3
0	61	3	u	0	0	5	0	HB	2	11	4
0	61	3	u	0	0	5	1	HB	1	11	4
0	61	3	u	0	0	5	2	HB	4	11	4
0	61	3	u	0	0	5	3	HB	3	11	4
0	61	3	u	0	0	5	4	HB	2	11	2
0	61	3	u	0	0	5	5	HB	1	11	2
0	61	3	u	0	0	5	6	HB	4	11	2
0	61	3	u	0	0	5	7	HB	3	11	2
0	61	3	u	0	0	6	0	HB	8	11	1
0	61	3	u	0	0	6	1	HB	7	11	1
0	61	3	u	0	0	6	2	HB	6	11	1
0	61	3	u	0	0	6	3	HB	5	11	1
0	61	3	u	0	0	6	4	HB	8	11	3
0	61	3	u	0	0	6	5	HB	7	11	3
0	61	3	u	0	0	6	6	HB	6	11	3
0	61	3	u	0	0	6	7	HB	5	11	3
0	61	3	u	0	0	7	0	HB	6	11	4
0	61	3	u	0	0	7	1	HB	5	11	4
0	61	3	u	0	0	7	2	HB	8	11	4
0	61	3	u	0	0	7	3	HB	7	11	4
0	61	3	u	0	0	7	4	HB	6	11	2
0	61	3	u	0	0	7	5	HB	5	11	2
0	61	3	u	0	0	7	6	HB	8	11	2
0	61	3	u	0	0	7	7	HB	7	11	2
0	61	3	u	0	0	8	0	HB	12	11	1
0	61	3	u	0	0	8	1	HB	11	11	1
0	61	3	u	0	0	8	2	HB	10	11	1
0	61	3	u	0	0	8	3	HB	9	11	1
0	61	3	u	0	0	8	4	HB	12	11	3
0	61	3	u	0	0	8	5	HB	11	11	3
0	61	3	u	0	0	8	6	HB	10	11	3
0	61	3	u	0	0	8	7	HB	9	11	3
0	61	3	u	0	0	1	0	HB	10	12	1
0	61	3	u	0	0	1	1	HB	9	12	1
0	61	3	u	0	0	1	2	HB	12	12	1
0	61	3	u	0	0	1	3	HB	11	12	1
0	61	3	u	0	0	1	4	HB	10	12	3
0	61	3	u	0	0	1	5	HB	9	12	3
0	61	3	u	0	0	1	6	HB	12	12	3
0	61	3	u	0	0	1	7	HB	11	12	3
0	61	3	u	0	0	2	0	HB	16	12	4
0	61	3	u	0	0	2	1	HB	15	12	4
0	61	3	u	0	0	2	2	HB	14	12	4
0	61	3	u	0	0	2	3	HB	13	12	4
0	61	3	u	0	0	2	4	HB	16	12	2
0	61	3	u	0	0	2	5	HB	15	12	2
0	61	3	u	0	0	2	6	HB	14	12	2
0	61	3	u	0	0	2	7	HB	13	12	2
0	61	3	u	0	0	3	0	HB	14	12	1
0	61	3	u	0	0	3	1	HB	13	12	1
0	61	3	u	0	0	3	2	HB	16	12	1
0	61	3	u	0	0	3	3	HB	15	12	1
0	61	3	u	0	0	3	4	HB	14	12	3
0	61	3	u	0	0	3	5	HB	13	12	3
0	61	3	u	0	0	3	6	HB	16	12	3
0	61	3	u	0	0	3	7	HB	15	12	3
0	61	3	u	0	0	4	0	HB	4	12	4
0	61	3	u	0	0	4	1	HB	3	12	4
0	61	3	u	0	0	4	2	HB	2	12	4
0	61	3	u	0	0	4	3	HB	1	12	4
0	61	3	u	0	0	4	4	HB	4	12	2
0	61	3	u	0	0	4	5	HB	3	12	2
0	61	3	u	0	0	4	6	HB	2	12	2
0	61	3	u	0	0	4	7	HB	1	12	2
0	61	3	u	0	0	5	0	HB	2	12	1
0	61	3	u	0	0	5	1	HB	1	12	1
0	61	3	u	0	0	5	2	HB	4	12	1
0	61	3	u	0	0	5	3	HB	3	12	1
0	61	3	u	0	0	5	4	HB	2	12	3
0	61	3	u	0	0	5	5	HB	1	12	3
0	61	3	u	0	0	5	6	HB	4	12	3
0	61	3	u	0	0	5	7	HB	3	12	3
0	61	3	u	0	0	6	0	HB	8	12	4
0	61	3	u	0	0	6	1	HB	7	12	4
0	61	3	u	0	0	6	2	HB	6	12	4
0	61	3	u	0	0	6	3	HB	5	12	4
0	61	3	u	0	0	6	4	HB	8	12	2
0	61	3	u	0	0	6	5	HB	7	12	2
0	61	3	u	0	0	6	6	HB	6	12	2
0	61	3	u	0	0	6	7	HB	5	12	2
0	61	3	u	0	0	7	0	HB	6	12	1
0	61	3	u	0	0	7	1	HB	5	12	1
0	61	3	u	0	0	7	2	HB	8	12	1
0	61	3	u	0	0	7	3	HB	7	12	1
0	61	3	u	0	0	7	4	HB	6	12	3
0	61	3	u	0	0	7	5	HB	5	12	3
0	61	3	u	0	0	7	6	HB	8	12	3
0	61	3	u	0	0	7	7	HB	7	12	3
0	61	3	u	0	0	8	0	HB	12	12	4
0	61	3	u	0	0	8	1	HB	11	12	4
0	61	3	u	0	0	8	2	HB	10	12	4
0	61	3	u	0	0	8	3	HB	9	12	4
0	61	3	u	0	0	8	4	HB	12	12	2
0	61	3	u	0	0	8	5	HB	11	12	2
0	61	3	u	0	0	8	6	HB	10	12	2
0	61	3	u	0	0	8	7	HB	9	12	2
0	61	3	u	0	0	1	0	HB	10	13	4
0	61	3	u	0	0	1	1	HB	9	13	4
0	61	3	u	0	0	1	2	HB	12	13	4
0	61	3	u	0	0	1	3	HB	11	13	4
0	61	3	u	0	0	1	4	HB	10	13	2
0	61	3	u	0	0	1	5	HB	9	13	2
0	61	3	u	0	0	1	6	HB	12	13	2
0	61	3	u	0	0	1	7	HB	11	13	2
0	61	3	u	0	0	2	0	HB	16	13	1
0	61	3	u	0	0	2	1	HB	15	13	1
0	61	3	u	0	0	2	2	HB	14	13	1
0	61	3	u	0	0	2	3	HB	13	13	1
0	61	3	u	0	0	2	4	HB	16	13	3
0	61	3	u	0	0	2	5	HB	15	13	3
0	61	3	u	0	0	2	6	HB	14	13	3
0	61	3	u	0	0	2	7	HB	13	13	3
0	61	3	u	0	0	3	0	HB	14	13	4
0	61	3	u	0	0	3	1	HB	13	13	4
0	61	3	u	0	0	3	2	HB	16	13	4
0	61	3	u	0	0	3	3	HB	15	13	4
0	61	3	u	0	0	3	4	HB	14	13	2
0	61	3	u	0	0	3	5	HB	13	13	2
0	61	3	u	0	0	3	6	HB	16	13	2
0	61	3	u	0	0	3	7	HB	15	13	2
0	61	3	u	0	0	4	0	HB	4	13	1
0	61	3	u	0	0	4	1	HB	3	13	1
0	61	3	u	0	0	4	2	HB	2	13	1
0	61	3	u	0	0	4	3	HB	1	13	1
0	61	3	u	0	0	4	4	HB	4	13	3
0	61	3	u	0	0	4	5	HB	3	13	3
0	61	3	u	0	0	4	6	HB	2	13	3
0	61	3	u	0	0	4	7	HB	1	13	3
0	61	3	u	0	0	5	0	HB	2	13	4
0	61	3	u	0	0	5	1	HB	1	13	4
0	61	3	u	0	0	5	2	HB	4	13	4
0	61	3	u	0	0	5	3	HB	3	13	4
0	61	3	u	0	0	5	4	HB	2	13	2
0	61	3	u	0	0	5	5	HB	1	13	2
0	61	3	u	0	0	5	6	HB	4	13	2
0	61	3	u	0	0	5	7	HB	3	13	2
0	61	3	u	0	0	6	0	HB	8	13	1
0	61	3	u	0	0	6	1	HB	7	13	1
0	61	3	u	0	0	6	2	HB	6	13	1
0	61	3	u	0	0	6	3	HB	5	13	1
0	61	3	u	0	0	6	4	HB	8	13	3
0	61	3	u	0	0	6	5	HB	7	13	3
0	61	3	u	0	0	6	6	HB	6	13	3
0	61	3	u	0	0	6	7	HB	5	13	3
0	61	3	u	0	0	7	0	HB	6	13	4
0	61	3	u	0	0	7	1	HB	5	13	4
0	61	3	u	0	0	7	2	HB	8	13	4
0	61	3	u	0	0	7	3	HB	7	13	4
0	61	3	u	0	0	7	4	HB	6	13	2
0	61	3	u	0	0	7	5	HB	5	13	2
0	61	3	u	0	0	7	6	HB	8	13	2
0	61	3	u	0	0	7	7	HB	7	13	2
0	61	3	u	0	0	8	0	HB	12	13	1
0	61	3	u	0	0	8	1	HB	11	13	1
0	61	3	u	0	0	8	2	HB	10	13	1
0	61	3	u	0	0	8	3	HB	9	13	1
0	61	3	u	0	0	8	4	HB	12	13	3
0	61	3	u	0	0	8	5	HB	11	13	3
0	61	3	u	0	0	8	6	HB	10	13	3
0	61	3	u	0	0	8	7	HB	9	13	3
0	61	4	u	0	0	1	0	HB	10	14	1
0	61	4	u	0	0	1	1	HB	9	14	1
0	61	4	u	0	0	1	2	HB	12	14	1
0	61	4	u	0	0	1	3	HB	11	14	1
0	61	4	u	0	0	1	4	HB	10	14	3
0	61	4	u	0	0	1	5	HB	9	14	3
0	61	4	u	0	0	1	6	HB	12	14	3
0	61	4	u	0	0	1	7	HB	11	14	3
0	61	4	u	0	0	2	0	HB	16	14	4
0	61	4	u	0	0	2	1	HB	15	14	4
0	61	4	u	0	0	2	2	HB	14	14	4
0	61	4	u	0	0	2	3	HB	13	14	4
0	61	4	u	0	0	2	4	HB	16	14	2
0	61	4	u	0	0	2	5	HB	15	14	2
0	61	4	u	0	0	2	6	HB	14	14	2
0	61	4	u	0	0	2	7	HB	13	14	2
0	61	4	u	0	0	3	0	HB	14	14	1
0	61	4	u	0	0	3	1	HB	13	14	1
0	61	4	u	0	0	3	2	HB	16	14	1
0	61	4	u	0	0	3	3	HB	15	14	1
0	61	4	u	0	0	3	4	HB	14	14	3
0	61	4	u	0	0	3	5	HB	13	14	3
0	61	4	u	0	0	3	6	HB	16	14	3
0	61	4	u	0	0	3	7	HB	15	14	3
0	61	4	u	0	0	4	0	HB	4	14	4
0	61	4	u	0	0	4	1	HB	3	14	4
0	61	4	u	0	0	4	2	HB	2	14	4
0	61	4	u	0	0	4	3	HB	1	14	4
0	61	4	u	0	0	4	4	HB	4	14	2
0	61	4	u	0	0	4	5	HB	3	14	2
0	61	4	u	0	0	4	6	HB	2	14	2
0	61	4	u	0	0	4	7	HB	1	14	2
0	61	4	u	0	0	5	0	HB	2	14	1
0	61	4	u	0	0	5	1	HB	1	14	1
0	61	4	u	0	0	5	2	HB	4	14	1
0	61	4	u	0	0	5	3	HB	3	14	1
0	61	4	u	0	0	5	4	HB	2	14	3
0	61	4	u	0	0	5	5	HB	1	14	3
0	61	4	u	0	0	5	6	HB	4	14	3
0	61	4	u	0	0	5	7	HB	3	14	3
0	61	4	u	0	0	6	0	HB	8	14	4
0	61	4	u	0	0	6	1	HB	7	14	4
0	61	4	u	0	0	6	2	HB	6	14	4
0	61	4	u	0	0	6	3	HB	5	14	4
0	61	4	u	0	0	6	4	HB	8	14	2
0	61	4	u	0	0	6	5	HB	7	14	2
0	61	4	u	0	0	6	6	HB	6	14	2
0	61	4	u	0	0	6	7	HB	5	14	2
0	61	4	u	0	0	7	0	HB	6	14	1
0	61	4	u	0	0	7	1	HB	5	14	1
0	61	4	u	0	0	7	2	HB	8	14	1
0	61	4	u	0	0	7	3	HB	7	14	1
0	61	4	u	0	0	7	4	HB	6	14	3
0	61	4	u	0	0	7	5	HB	5	14	3
0	61	4	u	0	0	7	6	HB	8	14	3
0	61	4	u	0	0	7	7	HB	7	14	3
0	61	4	u	0	0	8	0	HB	12	14	4
0	61	4	u	0	0	8	1	HB	11	14	4
0	61	4	u	0	0	8	2	HB	10	14	4
0	61	4	u	0	0	8	3	HB	9	14	4
0	61	4	u	0	0	8	4	HB	12	14	2
0	61	4	u	0	0	8	5	HB	11	14	2
0	61	4	u	0	0	8	6	HB	10	14	2
0	61	4	u	0	0	8	7	HB	9	14	2
0	61	4	u	0	0	1	0	HB	10	15	4
0	61	4	u	0	0	1	1	HB	9	15	4
0	61	4	u	0	0	1	2	HB	12	15	4
0	61	4	u	0	0	1	3	HB	11	15	4
0	61	4	u	0	0	1	4	HB	10	15	2
0	61	4	u	0	0	1	5	HB	9	15	2
0	61	4	u	0	0	1	6	HB	12	15	2
0	61	4	u	0	0	1	7	HB	11	15	2
0	61	4	u	0	0	2	0	HB	16	15	1
0	61	4	u	0	0	2	1	HB	15	15	1
0	61	4	u	0	0	2	2	HB	14	15	1
0	61	4	u	0	0	2	3	HB	13	15	1
0	61	4	u	0	0	2	4	HB	16	15	3
0	61	4	u	0	0	2	5	HB	15	15	3
0	61	4	u	0	0	2	6	HB	14	15	3
0	61	4	u	0	0	2	7	HB	13	15	3
0	61	4	u	0	0	3	0	HB	14	15	4
0	61	4	u	0	0	3	1	HB	13	15	4
0	61	4	u	0	0	3	2	HB	16	15	4
0	61	4	u	0	0	3	3	HB	15	15	4
0	61	4	u	0	0	3	4	HB	14	15	2
0	61	4	u	0	0	3	5	HB	13	15	2
0	61	4	u	0	0	3	6	HB	16	15	2
0	61	4	u	0	0	3	7	HB	15	15	2
0	61	4	u	0	0	4	0	HB	4	15	1
0	61	4	u	0	0	4	1	HB	3	15	1
0	61	4	u	0	0	4	2	HB	2	15	1
0	61	4	u	0	0	4	3	HB	1	15	1
0	61	4	u	0	0	4	4	HB	4	15	3
0	61	4	u	0	0	4	5	HB	3	15	3
0	61	4	u	0	0	4	6	HB	2	15	3
0	61	4	u	0	0	4	7	HB	1	15	3
0	61	4	u	0	0	5	0	HB	2	15	4
0	61	4	u	0	0	5	1	HB	1	15	4
0	61	4	u	0	0	5	2	HB	4	15	4
0	61	4	u	0	0	5	3	HB	3	15	4
0	61	4	u	0	0	5	4	HB	2	15	2
0	61	4	u	0	0	5	5	HB	1	15	2
0	61	4	u	0	0	5	6	HB	4	15	2
0	61	4	u	0	0	5	7	HB	3	15	2
0	61	4	u	0	0	6	0	HB	8	15	1
0	61	4	u	0	0	6	1	HB	7	15	1
0	61	4	u	0	0	6	2	HB	6	15	1
0	61	4	u	0	0	6	3	HB	5	15	1
0	61	4	u	0	0	6	4	HB	8	15	3
0	61	4	u	0	0	6	5	HB	7	15	3
0	61	4	u	0	0	6	6	HB	6	15	3
0	61	4	u	0	0	6	7	HB	5	15	3
0	61	4	u	0	0	7	0	HB	6	15	4
0	61	4	u	0	0	7	1	HB	5	15	4
0	61	4	u	0	0	7	2	HB	8	15	4
0	61	4	u	0	0	7	3	HB	7	15	4
0	61	4	u	0	0	7	4	HB	6	15	2
0	61	4	u	0	0	7	5	HB	5	15	2
0	61	4	u	0	0	7	6	HB	8	15	2
0	61	4	u	0	0	7	7	HB	7	15	2
0	61	4	u	0	0	8	0	HB	12	15	1
0	61	4	u	0	0	8	1	HB	11	15	1
0	61	4	u	0	0	8	2	HB	10	15	1
0	61	4	u	0	0	8	3	HB	9	15	1
0	61	4	u	0	0	8	4	HB	12	15	3
0	61	4	u	0	0	8	5	HB	11	15	3
0	61	4	u	0	0	8	6	HB	10	15	3
0	61	4	u	0	0	8	7	HB	9	15	3
0	61	4	u	0	0	1	0	HB	10	16	1
0	61	4	u	0	0	1	1	HB	9	16	1
0	61	4	u	0	0	1	2	HB	12	16	1
0	61	4	u	0	0	1	3	HB	11	16	1
0	61	4	u	0	0	1	4	HB	10	16	3
0	61	4	u	0	0	1	5	HB	9	16	3
0	61	4	u	0	0	1	6	HB	12	16	3
0	61	4	u	0	0	1	7	HB	11	16	3
0	61	4	u	0	0	2	0	HB	16	16	4
0	61	4	u	0	0	2	1	HB	15	16	4
0	61	4	u	0	0	2	2	HB	14	16	4
0	61	4	u	0	0	2	3	HB	13	16	4
0	61	4	u	0	0	2	4	HB	16	16	2
0	61	4	u	0	0	2	5	HB	15	16	2
0	61	4	u	0	0	2	6	HB	14	16	2
0	61	4	u	0	0	2	7	HB	13	16	2
0	61	4	u	0	0	3	0	HB	14	16	1
0	61	4	u	0	0	3	1	HB	13	16	1
0	61	4	u	0	0	3	2	HB	16	16	1
0	61	4	u	0	0	3	3	HB	15	16	1
0	61	4	u	0	0	3	4	HB	14	16	3
0	61	4	u	0	0	3	5	HB	13	16	3
0	61	4	u	0	0	3	6	HB	16	16	3
0	61	4	u	0	0	3	7	HB	15	16	3
0	61	4	u	0	0	4	0	HB	4	16	4
0	61	4	u	0	0	4	1	HB	3	16	4
0	61	4	u	0	0	4	2	HB	2	16	4
0	61	4	u	0	0	4	3	HB	1	16	4
0	61	4	u	0	0	4	4	HB	4	16	2
0	61	4	u	0	0	4	5	HB	3	16	2
0	61	4	u	0	0	4	6	HB	2	16	2
0	61	4	u	0	0	4	7	HB	1	16	2
0	61	4	u	0	0	5	0	HB	2	16	1
0	61	4	u	0	0	5	1	HB	1	16	1
0	61	4	u	0	0	5	2	HB	4	16	1
0	61	4	u	0	0	5	3	HB	3	16	1
0	61	4	u	0	0	5	4	HB	2	16	3
0	61	4	u	0	0	5	5	HB	1	16	3
0	61	4	u	0	0	5	6	HB	4	16	3
0	61	4	u	0	0	5	7	HB	3	16	3
0	61	4	u	0	0	6	0	HB	8	16	4
0	61	4	u	0	0	6	1	HB	7	16	4
0	61	4	u	0	0	6	2	HB	6	16	4
0	61	4	u	0	0	6	3	HB	5	16	4
0	61	4	u	0	0	6	4	HB	8	16	2
0	61	4	u	0	0	6	5	HB	7	16	2
0	61	4	u	0	0	6	6	HB	6	16	2
0	61	4	u	0	0	6	7	HB	5	16	2
0	61	4	u	0	0	7	0	HB	6	16	1
0	61	4	u	0	0	7	1	HB	5	16	1
0	61	4	u	0	0	7	2	HB	8	16	1
0	61	4	u	0	0	7	3	HB	7	16	1
0	61	4	u	0	0	7	4	HB	6	16	3
0	61	4	u	0	0	7	5	HB	5	16	3
0	61	4	u	0	0	7	6	HB	8	16	3
0	61	4	u	0	0	7	7	HB	7	16	3
0	61	4	u	0	0	8	0	HB	12	16	4
0	61	4	u	0	0	8	1	HB	11	16	4
0	61	4	u	0	0	8	2	HB	10	16	4
0	61	4	u	0	0	8	3	HB	9	16	4
0	61	4	u	0	0	8	4	HB	12	16	2
0	61	4	u	0	0	8	5	HB	11	16	2
0	61	4	u	0	0	8	6	HB	10	16	2
0	61	4	u	0	0	8	7	HB	9	16	2
0	61	5	u	0	0	1	0	HB	10	17	4
0	61	5	u	0	0	1	1	HB	9	17	4
0	61	5	u	0	0	1	2	HB	12	17	4
0	61	5	u	0	0	1	3	HB	11	17	4
0	61	5	u	0	0	1	4	HB	10	17	2
0	61	5	u	0	0	1	5	HB	9	17	2
0	61	5	u	0	0	1	6	HB	12	17	2
0	61	5	u	0	0	1	7	HB	11	17	2
0	61	5	u	0	0	2	0	HB	16	17	1
0	61	5	u	0	0	2	1	HB	15	17	1
0	61	5	u	0	0	2	2	HB	14	17	1
0	61	5	u	0	0	2	3	HB	13	17	1
0	61	5	u	0	0	2	4	HB	16	17	3
0	61	5	u	0	0	2	5	HB	15	17	3
0	61	5	u	0	0	2	6	HB	14	17	3
0	61	5	u	0	0	2	7	HB	13	17	3
0	61	5	u	0	0	3	0	HB	14	17	4
0	61	5	u	0	0	3	1	HB	13	17	4
0	61	5	u	0	0	3	2	HB	16	17	4
0	61	5	u	0	0	3	3	HB	15	17	4
0	61	5	u	0	0	3	4	HB	14	17	2
0	61	5	u	0	0	3	5	HB	13	17	2
0	61	5	u	0	0	3	6	HB	16	17	2
0	61	5	u	0	0	3	7	HB	15	17	2
0	61	5	u	0	0	4	0	HB	4	17	1
0	61	5	u	0	0	4	1	HB	3	17	1
0	61	5	u	0	0	4	2	HB	2	17	1
0	61	5	u	0	0	4	3	HB	1	17	1
0	61	5	u	0	0	4	4	HB	4	17	3
0	61	5	u	0	0	4	5	HB	3	17	3
0	61	5	u	0	0	4	6	HB	2	17	3
0	61	5	u	0	0	4	7	HB	1	17	3
0	61	5	u	0	0	5	0	HB	2	17	4
0	61	5	u	0	0	5	1	HB	1	17	4
0	61	5	u	0	0	5	2	HB	4	17	4
0	61	5	u	0	0	5	3	HB	3	17	4
0	61	5	u	0	0	5	4	HB	2	17	2
0	61	5	u	0	0	5	5	HB	1	17	2
0	61	5	u	0	0	5	6	HB	4	17	2
0	61	5	u	0	0	5	7	HB	3	17	2
0	61	5	u	0	0	6	0	HB	8	17	1
0	61	5	u	0	0	6	1	HB	7	17	1
0	61	5	u	0	0	6	2	HB	6	17	1
0	61	5	u	0	0	6	3	HB	5	17	1
0	61	5	u	0	0	6	4	HB	8	17	3
0	61	5	u	0	0	6	5	HB	7	17	3
0	61	5	u	0	0	6	6	HB	6	17	3
0	61	5	u	0	0	6	7	HB	5	17	3
0	61	5	u	0	0	7	0	HB	6	17	4
0	61	5	u	0	0	7	1	HB	5	17	4
0	61	5	u	0	0	7	2	HB	8	17	4
0	61	5	u	0	0	7	3	HB	7	17	4
0	61	5	u	0	0	7	4	HB	6	17	2
0	61	5	u	0	0	7	5	HB	5	17	2
0	61	5	u	0	0	7	6	HB	8	17	2
0	61	5	u	0	0	7	7	HB	7	17	2
0	61	5	u	0	0	8	0	HB	12	17	1
0	61	5	u	0	0	8	1	HB	11	17	1
0	61	5	u	0	0	8	2	HB	10	17	1
0	61	5	u	0	0	8	3	HB	9	17	1
0	61	5	u	0	0	8	4	HB	12	17	3
0	61	5	u	0	0	8	5	HB	11	17	3
0	61	5	u	0	0	8	6	HB	10	17	3
0	61	5	u	0	0	8	7	HB	9	17	3
0	61	5	u	0	0	1	0	HB	10	18	1
0	61	5	u	0	0	1	1	HB	9	18	1
0	61	5	u	0	0	1	2	HB	12	18	1
0	61	5	u	0	0	1	3	HB	11	18	1
0	61	5	u	0	0	1	4	HB	10	18	3
0	61	5	u	0	0	1	5	HB	9	18	3
0	61	5	u	0	0	1	6	HB	12	18	3
0	61	5	u	0	0	1	7	HB	11	18	3
0	61	5	u	0	0	2	0	HB	16	18	4
0	61	5	u	0	0	2	1	HB	15	18	4
0	61	5	u	0	0	2	2	HB	14	18	4
0	61	5	u	0	0	2	3	HB	13	18	4
0	61	5	u	0	0	2	4	HB	16	18	2
0	61	5	u	0	0	2	5	HB	15	18	2
0	61	5	u	0	0	2	6	HB	14	18	2
0	61	5	u	0	0	2	7	HB	13	18	2
0	61	5	u	0	0	3	0	HB	14	18	1
0	61	5	u	0	0	3	1	HB	13	18	1
0	61	5	u	0	0	3	2	HB	16	18	1
0	61	5	u	0	0	3	3	HB	15	18	1
0	61	5	u	0	0	3	4	HB	14	18	3
0	61	5	u	0	0	3	5	HB	13	18	3
0	61	5	u	0	0	3	6	HB	16	18	3
0	61	5	u	0	0	3	7	HB	15	18	3
0	61	5	u	0	0	4	0	HB	4	18	4
0	61	5	u	0	0	4	1	HB	3	18	4
0	61	5	u	0	0	4	2	HB	2	18	4
0	61	5	u	0	0	4	3	HB	1	18	4
0	61	5	u	0	0	4	4	HB	4	18	2
0	61	5	u	0	0	4	5	HB	3	18	2
0	61	5	u	0	0	4	6	HB	2	18	2
0	61	5	u	0	0	4	7	HB	1	18	2
0	61	5	u	0	0	5	0	HB	2	18	1
0	61	5	u	0	0	5	1	HB	1	18	1
0	61	5	u	0	0	5	2	HB	4	18	1
0	61	5	u	0	0	5	3	HB	3	18	1
0	61	5	u	0	0	5	4	HB	2	18	3
0	61	5	u	0	0	5	5	HB	1	18	3
0	61	5	u	0	0	5	6	HB	4	18	3
0	61	5	u	0	0	5	7	HB	3	18	3
0	61	5	u	0	0	6	0	HB	8	18	4
0	61	5	u	0	0	6	1	HB	7	18	4
0	61	5	u	0	0	6	2	HB	6	18	4
0	61	5	u	0	0	6	3	HB	5	18	4
0	61	5	u	0	0	6	4	HB	8	18	2
0	61	5	u	0	0	6	5	HB	7	18	2
0	61	5	u	0	0	6	6	HB	6	18	2
0	61	5	u	0	0	6	7	HB	5	18	2
0	61	5	u	0	0	7	0	HB	6	18	1
0	61	5	u	0	0	7	1	HB	5	18	1
0	61	5	u	0	0	7	2	HB	8	18	1
0	61	5	u	0	0	7	3	HB	7	18	1
0	61	5	u	0	0	7	4	HB	6	18	3
0	61	5	u	0	0	7	5	HB	5	18	3
0	61	5	u	0	0	7	6	HB	8	18	3
0	61	5	u	0	0	7	7	HB	7	18	3
0	61	5	u	0	0	8	0	HB	12	18	4
0	61	5	u	0	0	8	1	HB	11	18	4
0	61	5	u	0	0	8	2	HB	10	18	4
0	61	5	u	0	0	8	3	HB	9	18	4
0	61	5	u	0	0	8	4	HB	12	18	2
0	61	5	u	0	0	8	5	HB	11	18	2
0	61	5	u	0	0	8	6	HB	10	18	2
0	61	5	u	0	0	8	7	HB	9	18	2
0	61	5	u	0	0	1	0	HB	10	19	4
0	61	5	u	0	0	1	1	HB	9	19	4
0	61	5	u	0	0	1	2	HB	12	19	4
0	61	5	u	0	0	1	3	HB	11	19	4
0	61	5	u	0	0	1	4	HB	10	19	2
0	61	5	u	0	0	1	5	HB	9	19	2
0	61	5	u	0	0	1	6	HB	12	19	2
0	61	5	u	0	0	1	7	HB	11	19	2
0	61	5	u	0	0	2	0	HB	16	19	1
0	61	5	u	0	0	2	1	HB	15	19	1
0	61	5	u	0	0	2	2	HB	14	19	1
0	61	5	u	0	0	2	3	HB	13	19	1
0	61	5	u	0	0	2	4	HB	16	19	3
0	61	5	u	0	0	2	5	HB	15	19	3
0	61	5	u	0	0	2	6	HB	14	19	3
0	61	5	u	0	0	2	7	HB	13	19	3
0	61	5	u	0	0	3	0	HB	14	19	4
0	61	5	u	0	0	3	1	HB	13	19	4
0	61	5	u	0	0	3	2	HB	16	19	4
0	61	5	u	0	0	3	3	HB	15	19	4
0	61	5	u	0	0	3	4	HB	14	19	2
0	61	5	u	0	0	3	5	HB	13	19	2
0	61	5	u	0	0	3	6	HB	16	19	2
0	61	5	u	0	0	3	7	HB	15	19	2
0	61	5	u	0	0	4	0	HB	4	19	1
0	61	5	u	0	0	4	1	HB	3	19	1
0	61	5	u	0	0	4	2	HB	2	19	1
0	61	5	u	0	0	4	3	HB	1	19	1
0	61	5	u	0	0	4	4	HB	4	19	3
0	61	5	u	0	0	4	5	HB	3	19	3
0	61	5	u	0	0	4	6	HB	2	19	3
0	61	5	u	0	0	4	7	HB	1	19	3
0	61	5	u	0	0	5	0	HB	2	19	4
0	61	5	u	0	0	5	1	HB	1	19	4
0	61	5	u	0	0	5	2	HB	4	19	4
0	61	5	u	0	0	5	3	HB	3	19	4
0	61	5	u	0	0	5	4	HB	2	19	2
0	61	5	u	0	0	5	5	HB	1	19	2
0	61	5	u	0	0	5	6	HB	4	19	2
0	61	5	u	0	0	5	7	HB	3	19	2
0	61	5	u	0	0	6	0	HB	8	19	1
0	61	5	u	0	0	6	1	HB	7	19	1
0	61	5	u	0	0	6	2	HB	6	19	1
0	61	5	u	0	0	6	3	HB	5	19	1
0	61	5	u	0	0	6	4	HB	8	19	3
0	61	5	u	0	0	6	5	HB	7	19	3
0	61	5	u	0	0	6	6	HB	6	19	3
0	61	5	u	0	0	6	7	HB	5	19	3
0	61	5	u	0	0	7	0	HB	6	19	4
0	61	5	u	0	0	7	1	HB	5	19	4
0	61	5	u	0	0	7	2	HB	8	19	4
0	61	5	u	0	0	7	3	HB	7	19	4
0	61	5	u	0	0	7	4	HB	6	19	2
0	61	5	u	0	0	7	5	HB	5	19	2
0	61	5	u	0	0	7	6	HB	8	19	2
0	61	5	u	0	0	7	7	HB	7	19	2
0	61	5	u	0	0	8	0	HB	12	19	1
0	61	5	u	0	0	8	1	HB	11	19	1
0	61	5	u	0	0	8	2	HB	10	19	1
0	61	5	u	0	0	8	3	HB	9	19	1
0	61	5	u	0	0	8	4	HB	12	19	3
0	61	5	u	0	0	8	5	HB	11	19	3
0	61	5	u	0	0	8	6	HB	10	19	3
0	61	5	u	0	0	8	7	HB	9	19	3
0	61	6	u	0	0	1	0	HB	10	20	1
0	61	6	u	0	0	1	1	HB	9	20	1
0	61	6	u	0	0	1	2	HB	12	20	1
0	61	6	u	0	0	1	3	HB	11	20	1
0	61	6	u	0	0	1	4	HB	10	20	3
0	61	6	u	0	0	1	5	HB	9	20	3
0	61	6	u	0	0	1	6	HB	12	20	3
0	61	6	u	0	0	1	7	HB	11	20	3
0	61	6	u	0	0	2	0	HB	16	20	4
0	61	6	u	0	0	2	1	HB	15	20	4
0	61	6	u	0	0	2	2	HB	14	20	4
0	61	6	u	0	0	2	3	HB	13	20	4
0	61	6	u	0	0	2	4	HB	16	20	2
0	61	6	u	0	0	2	5	HB	15	20	2
0	61	6	u	0	0	2	6	HB	14	20	2
0	61	6	u	0	0	2	7	HB	13	20	2
0	61	6	u	0	0	3	0	HB	14	20	1
0	61	6	u	0	0	3	1	HB	13	20	1
0	61	6	u	0	0	3	2	HB	16	20	1
0	61	6	u	0	0	3	3	HB	15	20	1
0	61	6	u	0	0	3	4	HB	14	20	3
0	61	6	u	0	0	3	5	HB	13	20	3
0	61	6	u	0	0	3	6	HB	16	20	3
0	61	6	u	0	0	3	7	HB	15	20	3
0	61	6	u	0	0	4	0	HB	4	20	4
0	61	6	u	0	0	4	1	HB	3	20	4
0	61	6	u	0	0	4	2	HB	2	20	4
0	61	6	u	0	0	4	3	HB	1	20	4
0	61	6	u	0	0	4	4	HB	4	20	2
0	61	6	u	0	0	4	5	HB	3	20	2
0	61	6	u	0	0	4	6	HB	2	20	2
0	61	6	u	0	0	4	7	HB	1	20	2
0	61	6	u	0	0	5	0	HB	2	20	1
0	61	6	u	0	0	5	1	HB	1	20	1
0	61	6	u	0	0	5	2	HB	4	20	1
0	61	6	u	0	0	5	3	HB	3	20	1
0	61	6	u	0	0	5	4	HB	2	20	3
0	61	6	u	0	0	5	5	HB	1	20	3
0	61	6	u	0	0	5	6	HB	4	20	3
0	61	6	u	0	0	5	7	HB	3	20	3
0	61	6	u	0	0	6	0	HB	8	20	4
0	61	6	u	0	0	6	1	HB	7	20	4
0	61	6	u	0	0	6	2	HB	6	20	4
0	61	6	u	0	0	6	3	HB	5	20	4
0	61	6	u	0	0	6	4	HB	8	20	2
0	61	6	u	0	0	6	5	HB	7	20	2
0	61	6	u	0	0	6	6	HB	6	20	2
0	61	6	u	0	0	6	7	HB	5	20	2
0	61	6	u	0	0	7	0	HB	6	20	1
0	61	6	u	0	0	7	1	HB	5	20	1
0	61	6	u	0	0	7	2	HB	8	20	1
0	61	6	u	0	0	7	3	HB	7	20	1
0	61	6	u	0	0	7	4	HB	6	20	3
0	61	6	u	0	0	7	5	HB	5	20	3
0	61	6	u	0	0	7	6	HB	8	20	3
0	61	6	u	0	0	7	7	HB	7	20	3
0	61	6	u	0	0	8	0	HB	12	20	4
0	61	6	u	0	0	8	1	HB	11	20	4
0	61	6	u	0	0	8	2	HB	10	20	4
0	61	6	u	0	0	8	3	HB	9	20	4
0	61	6	u	0	0	8	4	HB	12	20	2
0	61	6	u	0	0	8	5	HB	11	20	2
0	61	6	u	0	0	8	6	HB	10	20	2
0	61	6	u	0	0	8	7	HB	9	20	2
0	61	6	u	0	0	1	0	HB	10	21	4
0	61	6	u	0	0	1	1	HB	9	21	4
0	61	6	u	0	0	1	2	HB	12	21	4
0	61	6	u	0	0	1	3	HB	11	21	4
0	61	6	u	0	0	1	4	HB	10	21	2
0	61	6	u	0	0	1	5	HB	9	21	2
0	61	6	u	0	0	1	6	HB	12	21	2
0	61	6	u	0	0	1	7	HB	11	21	2
0	61	6	u	0	0	2	0	HB	16	21	1
0	61	6	u	0	0	2	1	HB	15	21	1
0	61	6	u	0	0	2	2	HB	14	21	1
0	61	6	u	0	0	2	3	HB	13	21	1
0	61	6	u	0	0	2	4	HB	16	21	3
0	61	6	u	0	0	2	5	HB	15	21	3
0	61	6	u	0	0	2	6	HB	14	21	3
0	61	6	u	0	0	2	7	HB	13	21	3
0	61	6	u	0	0	3	0	HB	14	21	4
0	61	6	u	0	0	3	1	HB	13	21	4
0	61	6	u	0	0	3	2	HB	16	21	4
0	61	6	u	0	0	3	3	HB	15	21	4
0	61	6	u	0	0	3	4	HB	14	21	2
0	61	6	u	0	0	3	5	HB	13	21	2
0	61	6	u	0	0	3	6	HB	16	21	2
0	61	6	u	0	0	3	7	HB	15	21	2
0	61	6	u	0	0	4	0	HB	4	21	1
0	61	6	u	0	0	4	1	HB	3	21	1
0	61	6	u	0	0	4	2	HB	2	21	1
0	61	6	u	0	0	4	3	HB	1	21	1
0	61	6	u	0	0	4	4	HB	4	21	3
0	61	6	u	0	0	4	5	HB	3	21	3
0	61	6	u	0	0	4	6	HB	2	21	3
0	61	6	u	0	0	4	7	HB	1	21	3
0	61	6	u	0	0	5	0	HB	2	21	4
0	61	6	u	0	0	5	1	HB	1	21	4
0	61	6	u	0	0	5	2	HB	4	21	4
0	61	6	u	0	0	5	3	HB	3	21	4
0	61	6	u	0	0	5	4	HB	2	21	2
0	61	6	u	0	0	5	5	HB	1	21	2
0	61	6	u	0	0	5	6	HB	4	21	2
0	61	6	u	0	0	5	7	HB	3	21	2
0	61	6	u	0	0	6	0	HB	8	21	1
0	61	6	u	0	0	6	1	HB	7	21	1
0	61	6	u	0	0	6	2	HB	6	21	1
0	61	6	u	0	0	6	3	HB	5	21	1
0	61	6	u	0	0	6	4	HB	8	21	3
0	61	6	u	0	0	6	5	HB	7	21	3
0	61	6	u	0	0	6	6	HB	6	21	3
0	61	6	u	0	0	6	7	HB	5	21	3
0	61	6	u	0	0	7	0	HB	6	21	4
0	61	6	u	0	0	7	1	HB	5	21	4
0	61	6	u	0	0	7	2	HB	8	21	4
0	61	6	u	0	0	7	3	HB	7	21	4
0	61	6	u	0	0	7	4	HB	6	21	2
0	61	6	u	0	0	7	5	HB	5	21	2
0	61	6	u	0	0	7	6	HB	8	21	2
0	61	6	u	0	0	7	7	HB	7	21	2
0	61	6	u	0	0	8	0	HB	12	21	1
0	61	6	u	0	0	8	1	HB	11	21	1
0	61	6	u	0	0	8	2	HB	10	21	1
0	61	6	u	0	0	8	3	HB	9	21	1
0	61	6	u	0	0	8	4	HB	12	21	3
0	61	6	u	0	0	8	5	HB	11	21	3
0	61	6	u	0	0	8	6	HB	10	21	3
0	61	6	u	0	0	8	7	HB	9	21	3
0	61	6	u	0	0	1	0	HB	10	22	1
0	61	6	u	0	0	1	1	HB	9	22	1
0	61	6	u	0	0	1	2	HB	12	22	1
0	61	6	u	0	0	1	3	HB	11	22	1
0	61	6	u	0	0	1	4	HB	10	22	3
0	61	6	u	0	0	1	5	HB	9	22	3
0	61	6	u	0	0	1	6	HB	12	22	3
0	61	6	u	0	0	1	7	HB	11	22	3
0	61	6	u	0	0	2	0	HB	16	22	4
0	61	6	u	0	0	2	1	HB	15	22	4
0	61	6	u	0	0	2	2	HB	14	22	4
0	61	6	u	0	0	2	3	HB	13	22	4
0	61	6	u	0	0	2	4	HB	16	22	2
0	61	6	u	0	0	2	5	HB	15	22	2
0	61	6	u	0	0	2	6	HB	14	22	2
0	61	6	u	0	0	2	7	HB	13	22	2
0	61	6	u	0	0	3	0	HB	14	22	1
0	61	6	u	0	0	3	1	HB	13	22	1
0	61	6	u	0	0	3	2	HB	16	22	1
0	61	6	u	0	0	3	3	HB	15	22	1
0	61	6	u	0	0	3	4	HB	14	22	3
0	61	6	u	0	0	3	5	HB	13	22	3
0	61	6	u	0	0	3	6	HB	16	22	3
0	61	6	u	0	0	3	7	HB	15	22	3
0	61	6	u	0	0	4	0	HB	4	22	4
0	61	6	u	0	0	4	1	HB	3	22	4
0	61	6	u	0	0	4	2	HB	2	22	4
0	61	6	u	0	0	4	3	HB	1	22	4
0	61	6	u	0	0	4	4	HB	4	22	2
0	61	6	u	0	0	4	5	HB	3	22	2
0	61	6	u	0	0	4	6	HB	2	22	2
0	61	6	u	0	0	4	7	HB	1	22	2
0	61	6	u	0	0	5	0	HB	2	22	1
0	61	6	u	0	0	5	1	HB	1	22	1
0	61	6	u	0	0	5	2	HB	4	22	1
0	61	6	u	0	0	5	3	HB	3	22	1
0	61	6	u	0	0	5	4	HB	2	22	3
0	61	6	u	0	0	5	5	HB	1	22	3
0	61	6	u	0	0	5	6	HB	4	22	3
0	61	6	u	0	0	5	7	HB	3	22	3
0	61	6	u	0	0	6	0	HB	8	22	4
0	61	6	u	0	0	6	1	HB	7	22	4
0	61	6	u	0	0	6	2	HB	6	22	4
0	61	6	u	0	0	6	3	HB	5	22	4
0	61	6	u	0	0	6	4	HB	8	22	2
0	61	6	u	0	0	6	5	HB	7	22	2
0	61	6	u	0	0	6	6	HB	6	22	2
0	61	6	u	0	0	6	7	HB	5	22	2
0	61	6	u	0	0	7	0	HB	6	22	1
0	61	6	u	0	0	7	1	HB	5	22	1
0	61	6	u	0	0	7	2	HB	8	22	1
0	61	6	u	0	0	7	3	HB	7	22	1
0	61	6	u	0	0	7	4	HB	6	22	3
0	61	6	u	0	0	7	5	HB	5	22	3
0	61	6	u	0	0	7	6	HB	8	22	3
0	61	6	u	0	0	7	7	HB	7	22	3
0	61	6	u	0	0	8	0	HB	12	22	4
0	61	6	u	0	0	8	1	HB	11	22	4
0	61	6	u	0	0	8	2	HB	10	22	4
0	61	6	u	0	0	8	3	HB	9	22	4
0	61	6	u	0	0	8	4	HB	12	22	2
0	61	6	u	0	0	8	5	HB	11	22	2
0	61	6	u	0	0	8	6	HB	10	22	2
0	61	6	u	0	0	8	7	HB	9	22	2
0	61	7	u	0	0	1	0	HB	10	23	4
0	61	7	u	0	0	1	1	HB	9	23	4
0	61	7	u	0	0	1	2	HB	12	23	4
0	61	7	u	0	0	1	3	HB	11	23	4
0	61	7	u	0	0	1	4	HB	10	23	2
0	61	7	u	0	0	1	5	HB	9	23	2
0	61	7	u	0	0	1	6	HB	12	23	2
0	61	7	u	0	0	1	7	HB	11	23	2
0	61	7	u	0	0	2	0	HB	16	23	1
0	61	7	u	0	0	2	1	HB	15	23	1
0	61	7	u	0	0	2	2	HB	14	23	1
0	61	7	u	0	0	2	3	HB	13	23	1
0	61	7	u	0	0	2	4	HB	16	23	3
0	61	7	u	0	0	2	5	HB	15	23	3
0	61	7	u	0	0	2	6	HB	14	23	3
0	61	7	u	0	0	2	7	HB	13	23	3
0	61	7	u	0	0	3	0	HB	14	23	4
0	61	7	u	0	0	3	1	HB	13	23	4
0	61	7	u	0	0	3	2	HB	16	23	4
0	61	7	u	0	0	3	3	HB	15	23	4
0	61	7	u	0	0	3	4	HB	14	23	2
0	61	7	u	0	0	3	5	HB	13	23	2
0	61	7	u	0	0	3	6	HB	16	23	2
0	61	7	u	0	0	3	7	HB	15	23	2
0	61	7	u	0	0	4	0	HB	4	23	1
0	61	7	u	0	0	4	1	HB	3	23	1
0	61	7	u	0	0	4	2	HB	2	23	1
0	61	7	u	0	0	4	3	HB	1	23	1
0	61	7	u	0	0	4	4	HB	4	23	3
0	61	7	u	0	0	4	5	HB	3	23	3
0	61	7	u	0	0	4	6	HB	2	23	3
0	61	7	u	0	0	4	7	HB	1	23	3
0	61	7	u	0	0	5	0	HB	2	23	4
0	61	7	u	0	0	5	1	HB	1	23	4
0	61	7	u	0	0	5	2	HB	4	23	4
0	61	7	u	0	0	5	3	HB	3	23	4
0	61	7	u	0	0	5	4	HB	2	23	2
0	61	7	u	0	0	5	5	HB	1	23	2
0	61	7	u	0	0	5	6	HB	4	23	2
0	61	7	u	0	0	5	7	HB	3	23	2
0	61	7	u	0	0	6	0	HB	8	23	1
0	61	7	u	0	0	6	1	HB	7	23	1
0	61	7	u	0	0	6	2	HB	6	23	1
0	61	7	u	0	0	6	3	HB	5	23	1
0	61	7	u	0	0	6	4	HB	8	23	3
0	61	7	u	0	0	6	5	HB	7	23	3
0	61	7	u	0	0	6	6	HB	6	23	3
0	61	7	u	0	0	6	7	HB	5	23	3
0	61	7	u	0	0	7	0	HB	6	23	4
0	61	7	u	0	0	7	1	HB	5	23	4
0	61	7	u	0	0	7	2	HB	8	23	4
0	61	7	u	0	0	7	3	HB	7	23	4
0	61	7	u	0	0	7	4	HB	6	23	2
0	61	7	u	0	0	7	5	HB	5	23	2
0	61	7	u	0	0	7	6	HB	8	23	2
0	61	7	u	0	0	7	7	HB	7	23	2
0	61	7	u	0	0	8	0	HB	12	23	1
0	61	7	u	0	0	8	1	HB	11	23	1
0	61	7	u	0	0	8	2	HB	10	23	1
0	61	7	u	0	0	8	3	HB	9	23	1
0	61	7	u	0	0	8	4	HB	12	23	3
0	61	7	u	0	0	8	5	HB	11	23	3
0	61	7	u	0	0	8	6	HB	10	23	3
0	61	7	u	0	0	8	7	HB	9	23	3
0	61	7	u	0	0	1	0	HB	10	24	1
0	61	7	u	0	0	1	1	HB	9	24	1
0	61	7	u	0	0	1	2	HB	12	24	1
0	61	7	u	0	0	1	3	HB	11	24	1
0	61	7	u	0	0	1	4	HB	10	24	3
0	61	7	u	0	0	1	5	HB	9	24	3
0	61	7	u	0	0	1	6	HB	12	24	3
0	61	7	u	0	0	1	7	HB	11	24	3
0	61	7	u	0	0	2	0	HB	16	24	4
0	61	7	u	0	0	2	1	HB	15	24	4
0	61	7	u	0	0	2	2	HB	14	24	4
0	61	7	u	0	0	2	3	HB	13	24	4
0	61	7	u	0	0	2	4	HB	16	24	2
0	61	7	u	0	0	2	5	HB	15	24	2
0	61	7	u	0	0	2	6	HB	14	24	2
0	61	7	u	0	0	2	7	HB	13	24	2
0	61	7	u	0	0	3	0	HB	14	24	1
0	61	7	u	0	0	3	1	HB	13	24	1
0	61	7	u	0	0	3	2	HB	16	24	1
0	61	7	u	0	0	3	3	HB	15	24	1
0	61	7	u	0	0	3	4	HB	14	24	3
0	61	7	u	0	0	3	5	HB	13	24	3
0	61	7	u	0	0	3	6	HB	16	24	3
0	61	7	u	0	0	3	7	HB	15	24	3
0	61	7	u	0	0	4	0	HB	4	24	4
0	61	7	u	0	0	4	1	HB	3	24	4
0	61	7	u	0	0	4	2	HB	2	24	4
0	61	7	u	0	0	4	3	HB	1	24	4
0	61	7	u	0	0	4	4	HB	4	24	2
0	61	7	u	0	0	4	5	HB	3	24	2
0	61	7	u	0	0	4	6	HB	2	24	2
0	61	7	u	0	0	4	7	HB	1	24	2
0	61	7	u	0	0	5	0	HB	2	24	1
0	61	7	u	0	0	5	1	HB	1	24	1
0	61	7	u	0	0	5	2	HB	4	24	1
0	61	7	u	0	0	5	3	HB	3	24	1
0	61	7	u	0	0	5	4	HB	2	24	3
0	61	7	u	0	0	5	5	HB	1	24	3
0	61	7	u	0	0	5	6	HB	4	24	3
0	61	7	u	0	0	5	7	HB	3	24	3
0	61	7	u	0	0	6	0	HB	8	24	4
0	61	7	u	0	0	6	1	HB	7	24	4
0	61	7	u	0	0	6	2	HB	6	24	4
0	61	7	u	0	0	6	3	HB	5	24	4
0	61	7	u	0	0	6	4	HB	8	24	2
0	61	7	u	0	0	6	5	HB	7	24	2
0	61	7	u	0	0	6	6	HB	6	24	2
0	61	7	u	0	0	6	7	HB	5	24	2
0	61	7	u	0	0	7	0	HB	6	24	1
0	61	7	u	0	0	7	1	HB	5	24	1
0	61	7	u	0	0	7	2	HB	8	24	1
0	61	7	u	0	0	7	3	HB	7	24	1
0	61	7	u	0	0	7	4	HB	6	24	3
0	61	7	u	0	0	7	5	HB	5	24	3
0	61	7	u	0	0	7	6	HB	8	24	3
0	61	7	u	0	0	7	7	HB	7	24	3
0	61	7	u	0	0	8	0	HB	12	24	4
0	61	7	u	0	0	8	1	HB	11	24	4
0	61	7	u	0	0	8	2	HB	10	24	4
0	61	7	u	0	0	8	3	HB	9	24	4
0	61	7	u	0	0	8	4	HB	12	24	2
0	61	7	u	0	0	8	5	HB	11	24	2
0	61	7	u	0	0	8	6	HB	10	24	2
0	61	7	u	0	0	8	7	HB	9	24	2
0	61	7	u	0	0	1	0	HB	10	25	4
0	61	7	u	0	0	1	1	HB	9	25	4
0	61	7	u	0	0	1	2	HB	12	25	4
0	61	7	u	0	0	1	3	HB	11	25	4
0	61	7	u	0	0	1	4	HB	10	25	2
0	61	7	u	0	0	1	5	HB	9	25	2
0	61	7	u	0	0	1	6	HB	12	25	2
0	61	7	u	0	0	1	7	HB	11	25	2
0	61	7	u	0	0	2	0	HB	16	25	1
0	61	7	u	0	0	2	1	HB	15	25	1
0	61	7	u	0	0	2	2	HB	14	25	1
0	61	7	u	0	0	2	3	HB	13	25	1
0	61	7	u	0	0	2	4	HB	16	25	3
0	61	7	u	0	0	2	5	HB	15	25	3
0	61	7	u	0	0	2	6	HB	14	25	3
0	61	7	u	0	0	2	7	HB	13	25	3
0	61	7	u	0	0	3	0	HB	14	25	4
0	61	7	u	0	0	3	1	HB	13	25	4
0	61	7	u	0	0	3	2	HB	16	25	4
0	61	7	u	0	0	3	3	HB	15	25	4
0	61	7	u	0	0	3	4	HB	14	25	2
0	61	7	u	0	0	3	5	HB	13	25	2
0	61	7	u	0	0	3	6	HB	16	25	2
0	61	7	u	0	0	3	7	HB	15	25	2
0	61	7	u	0	0	4	0	HB	4	25	1
0	61	7	u	0	0	4	1	HB	3	25	1
0	61	7	u	0	0	4	2	HB	2	25	1
0	61	7	u	0	0	4	3	HB	1	25	1
0	61	7	u	0	0	4	4	HB	4	25	3
0	61	7	u	0	0	4	5	HB	3	25	3
0	61	7	u	0	0	4	6	HB	2	25	3
0	61	7	u	0	0	4	7	HB	1	25	3
0	61	7	u	0	0	5	0	HB	2	25	4
0	61	7	u	0	0	5	1	HB	1	25	4
0	61	7	u	0	0	5	2	HB	4	25	4
0	61	7	u	0	0	5	3	HB	3	25	4
0	61	7	u	0	0	5	4	HB	2	25	2
0	61	7	u	0	0	5	5	HB	1	25	2
0	61	7	u	0	0	5	6	HB	4	25	2
0	61	7	u	0	0	5	7	HB	3	25	2
0	61	7	u	0	0	6	0	HB	8	25	1
0	61	7	u	0	0	6	1	HB	7	25	1
0	61	7	u	0	0	6	2	HB	6	25	1
0	61	7	u	0	0	6	3	HB	5	25	1
0	61	7	u	0	0	6	4	HB	8	25	3
0	61	7	u	0	0	6	5	HB	7	25	3
0	61	7	u	0	0	6	6	HB	6	25	3
0	61	7	u	0	0	6	7	HB	5	25	3
0	61	7	u	0	0	7	0	HB	6	25	4
0	61	7	u	0	0	7	1	HB	5	25	4
0	61	7	u	0	0	7	2	HB	8	25	4
0	61	7	u	0	0	7	3	HB	7	25	4
0	61	7	u	0	0	7	4	HB	6	25	2
0	61	7	u	0	0	7	5	HB	5	25	2
0	61	7	u	0	0	7	6	HB	8	25	2
0	61	7	u	0	0	7	7	HB	7	25	2
0	61	7	u	0	0	8	0	HB	12	25	1
0	61	7	u	0	0	8	1	HB	11	25	1
0	61	7	u	0	0	8	2	HB	10	25	1
0	61	7	u	0	0	8	3	HB	9	25	1
0	61	7	u	0	0	8	4	HB	12	25	3
0	61	7	u	0	0	8	5	HB	11	25	3
0	61	7	u	0	0	8	6	HB	10	25	3
0	61	7	u	0	0	8	7	HB	9	25	3
0	61	8	u	0	0	1	0	HB	10	26	1
0	61	8	u	0	0	1	1	HB	9	26	1
0	61	8	u	0	0	1	2	HB	12	26	1
0	61	8	u	0	0	1	3	HB	11	26	1
0	61	8	u	0	0	1	4	HB	10	26	3
0	61	8	u	0	0	1	5	HB	9	26	3
0	61	8	u	0	0	1	6	HB	12	26	3
0	61	8	u	0	0	1	7	HB	11	26	3
0	61	8	u	0	0	2	0	HB	16	26	4
0	61	8	u	0	0	2	1	HB	15	26	4
0	61	8	u	0	0	2	2	HB	14	26	4
0	61	8	u	0	0	2	3	HB	13	26	4
0	61	8	u	0	0	2	4	HB	16	26	2
0	61	8	u	0	0	2	5	HB	15	26	2
0	61	8	u	0	0	2	6	HB	14	26	2
0	61	8	u	0	0	2	7	HB	13	26	2
0	61	8	u	0	0	3	0	HB	14	26	1
0	61	8	u	0	0	3	1	HB	13	26	1
0	61	8	u	0	0	3	2	HB	16	26	1
0	61	8	u	0	0	3	3	HB	15	26	1
0	61	8	u	0	0	3	4	HB	14	26	3
0	61	8	u	0	0	3	5	HB	13	26	3
0	61	8	u	0	0	3	6	HB	16	26	3
0	61	8	u	0	0	3	7	HB	15	26	3
0	61	8	u	0	0	4	0	HB	4	26	4
0	61	8	u	0	0	4	1	HB	3	26	4
0	61	8	u	0	0	4	2	HB	2	26	4
0	61	8	u	0	0	4	3	HB	1	26	4
0	61	8	u	0	0	4	4	HB	4	26	2
0	61	8	u	0	0	4	5	HB	3	26	2
0	61	8	u	0	0	4	6	HB	2	26	2
0	61	8	u	0	0	4	7	HB	1	26	2
0	61	8	u	0	0	5	0	HB	2	26	1
0	61	8	u	0	0	5	1	HB	1	26	1
0	61	8	u	0	0	5	2	HB	4	26	1
0	61	8	u	0	0	5	3	HB	3	26	1
0	61	8	u	0	0	5	4	HB	2	26	3
0	61	8	u	0	0	5	5	HB	1	26	3
0	61	8	u	0	0	5	6	HB	4	26	3
0	61	8	u	0	0	5	7	HB	3	26	3
0	61	8	u	0	0	6	0	HB	8	26	4
0	61	8	u	0	0	6	1	HB	7	26	4
0	61	8	u	0	0	6	2	HB	6	26	4
0	61	8	u	0	0	6	3	HB	5	26	4
0	61	8	u	0	0	6	4	HB	8	26	2
0	61	8	u	0	0	6	5	HB	7	26	2
0	61	8	u	0	0	6	6	HB	6	26	2
0	61	8	u	0	0	6	7	HB	5	26	2
0	61	8	u	0	0	7	0	HB	6	26	1
0	61	8	u	0	0	7	1	HB	5	26	1
0	61	8	u	0	0	7	2	HB	8	26	1
0	61	8	u	0	0	7	3	HB	7	26	1
0	61	8	u	0	0	7	4	HB	6	26	3
0	61	8	u	0	0	7	5	HB	5	26	3
0	61	8	u	0	0	7	6	HB	8	26	3
0	61	8	u	0	0	7	7	HB	7	26	3
0	61	8	u	0	0	8	0	HB	12	26	4
0	61	8	u	0	0	8	1	HB	11	26	4
0	61	8	u	0	0	8	2	HB	10	26	4
0	61	8	u	0	0	8	3	HB	9	26	4
0	61	8	u	0	0	8	4	HB	12	26	2
0	61	8	u	0	0	8	5	HB	11	26	2
0	61	8	u	0	0	8	6	HB	10	26	2
0	61	8	u	0	0	8	7	HB	9	26	2
0	61	8	u	0	0	1	0	HB	10	27	4
0	61	8	u	0	0	1	1	HB	9	27	4
0	61	8	u	0	0	1	2	HB	12	27	4
0	61	8	u	0	0	1	3	HB	11	27	4
0	61	8	u	0	0	1	4	HB	10	27	2
0	61	8	u	0	0	1	5	HB	9	27	2
0	61	8	u	0	0	1	6	HB	12	27	2
0	61	8	u	0	0	1	7	HB	11	27	2
0	61	8	u	0	0	2	0	HB	16	27	1
0	61	8	u	0	0	2	1	HB	15	27	1
0	61	8	u	0	0	2	2	HB	14	27	1
0	61	8	u	0	0	2	3	HB	13	27	1
0	61	8	u	0	0	2	4	HB	16	27	3
0	61	8	u	0	0	2	5	HB	15	27	3
0	61	8	u	0	0	2	6	HB	14	27	3
0	61	8	u	0	0	2	7	HB	13	27	3
0	61	8	u	0	0	3	0	HB	14	27	4
0	61	8	u	0	0	3	1	HB	13	27	4
0	61	8	u	0	0	3	2	HB	16	27	4
0	61	8	u	0	0	3	3	HB	15	27	4
0	61	8	u	0	0	3	4	HB	14	27	2
0	61	8	u	0	0	3	5	HB	13	27	2
0	61	8	u	0	0	3	6	HB	16	27	2
0	61	8	u	0	0	3	7	HB	15	27	2
0	61	8	u	0	0	4	0	HB	4	27	1
0	61	8	u	0	0	4	1	HB	3	27	1
0	61	8	u	0	0	4	2	HB	2	27	1
0	61	8	u	0	0	4	3	HB	1	27	1
0	61	8	u	0	0	4	4	HB	4	27	3
0	61	8	u	0	0	4	5	HB	3	27	3
0	61	8	u	0	0	4	6	HB	2	27	3
0	61	8	u	0	0	4	7	HB	1	27	3
0	61	8	u	0	0	5	0	HB	2	27	4
0	61	8	u	0	0	5	1	HB	1	27	4
0	61	8	u	0	0	5	2	HB	4	27	4
0	61	8	u	0	0	5	3	HB	3	27	4
0	61	8	u	0	0	5	4	HB	2	27	2
0	61	8	u	0	0	5	5	HB	1	27	2
0	61	8	u	0	0	5	6	HB	4	27	2
0	61	8	u	0	0	5	7	HB	3	27	2
0	61	8	u	0	0	6	0	HB	8	27	1
0	61	8	u	0	0	6	1	HB	7	27	1
0	61	8	u	0	0	6	2	HB	6	27	1
0	61	8	u	0	0	6	3	HB	5	27	1
0	61	8	u	0	0	6	4	HB	8	27	3
0	61	8	u	0	0	6	5	HB	7	27	3
0	61	8	u	0	0	6	6	HB	6	27	3
0	61	8	u	0	0	6	7	HB	5	27	3
0	61	8	u	0	0	7	0	HB	6	27	4
0	61	8	u	0	0	7	1	HB	5	27	4
0	61	8	u	0	0	7	2	HB	8	27	4
0	61	8	u	0	0	7	3	HB	7	27	4
0	61	8	u	0	0	7	4	HB	6	27	2
0	61	8	u	0	0	7	5	HB	5	27	2
0	61	8	u	0	0	7	6	HB	8	27	2
0	61	8	u	0	0	7	7	HB	7	27	2
0	61	8	u	0	0	8	0	HB	12	27	1
0	61	8	u	0	0	8	1	HB	11	27	1
0	61	8	u	0	0	8	2	HB	10	27	1
0	61	8	u	0	0	8	3	HB	9	27	1
0	61	8	u	0	0	8	4	HB	12	27	3
0	61	8	u	0	0	8	5	HB	11	27	3
0	61	8	u	0	0	8	6	HB	10	27	3
0	61	8	u	0	0	8	7	HB	9	27	3
0	61	8	u	0	0	1	0	HB	10	28	1
0	61	8	u	0	0	1	1	HB	9	28	1
0	61	8	u	0	0	1	2	HB	12	28	1
0	61	8	u	0	0	1	3	HB	11	28	1
0	61	8	u	0	0	1	4	HB	10	28	3
0	61	8	u	0	0	1	5	HB	9	28	3
0	61	8	u	0	0	1	6	HB	12	28	3
0	61	8	u	0	0	1	7	HB	11	28	3
0	61	8	u	0	0	2	0	HB	16	28	4
0	61	8	u	0	0	2	1	HB	15	28	4
0	61	8	u	0	0	2	2	HB	14	28	4
0	61	8	u	0	0	2	3	HB	13	28	4
0	61	8	u	0	0	2	4	HB	16	28	2
0	61	8	u	0	0	2	5	HB	15	28	2
0	61	8	u	0	0	2	6	HB	14	28	2
0	61	8	u	0	0	2	7	HB	13	28	2
0	61	8	u	0	0	3	0	HB	14	28	1
0	61	8	u	0	0	3	1	HB	13	28	1
0	61	8	u	0	0	3	2	HB	16	28	1
0	61	8	u	0	0	3	3	HB	15	28	1
0	61	8	u	0	0	3	4	HB	14	28	3
0	61	8	u	0	0	3	5	HB	13	28	3
0	61	8	u	0	0	3	6	HB	16	28	3
0	61	8	u	0	0	3	7	HB	15	28	3
0	61	8	u	0	0	4	0	HB	4	28	4
0	61	8	u	0	0	4	1	HB	3	28	4
0	61	8	u	0	0	4	2	HB	2	28	4
0	61	8	u	0	0	4	3	HB	1	28	4
0	61	8	u	0	0	4	4	HB	4	28	2
0	61	8	u	0	0	4	5	HB	3	28	2
0	61	8	u	0	0	4	6	HB	2	28	2
0	61	8	u	0	0	4	7	HB	1	28	2
0	61	8	u	0	0	5	0	HB	2	28	1
0	61	8	u	0	0	5	1	HB	1	28	1
0	61	8	u	0	0	5	2	HB	4	28	1
0	61	8	u	0	0	5	3	HB	3	28	1
0	61	8	u	0	0	5	4	HB	2	28	3
0	61	8	u	0	0	5	5	HB	1	28	3
0	61	8	u	0	0	5	6	HB	4	28	3
0	61	8	u	0	0	5	7	HB	3	28	3
0	61	8	u	0	0	6	0	HB	8	28	4
0	61	8	u	0	0	6	1	HB	7	28	4
0	61	8	u	0	0	6	2	HB	6	28	4
0	61	8	u	0	0	6	3	HB	5	28	4
0	61	8	u	0	0	6	4	HB	8	28	2
0	61	8	u	0	0	6	5	HB	7	28	2
0	61	8	u	0	0	6	6	HB	6	28	2
0	61	8	u	0	0	6	7	HB	5	28	2
0	61	8	u	0	0	7	0	HB	6	28	1
0	61	8	u	0	0	7	1	HB	5	28	1
0	61	8	u	0	0	7	2	HB	8	28	1
0	61	8	u	0	0	7	3	HB	7	28	1
0	61	8	u	0	0	7	4	HB	6	28	3
0	61	8	u	0	0	7	5	HB	5	28	3
0	61	8	u	0	0	7	6	HB	8	28	3
0	61	8	u	0	0	7	7	HB	7	28	3
0	61	8	u	0	0	8	0	HB	12	28	4
0	61	8	u	0	0	8	1	HB	11	28	4
0	61	8	u	0	0	8	2	HB	10	28	4
0	61	8	u	0	0	8	3	HB	9	28	4
0	61	8	u	0	0	8	4	HB	12	28	2
0	61	8	u	0	0	8	5	HB	11	28	2
0	61	8	u	0	0	8	6	HB	10	28	2
0	61	8	u	0	0	8	7	HB	9	28	2
0	61	9	u	0	0	1	0	HB	10	29	4
0	61	9	u	0	0	1	1	HB	9	29	4
0	61	9	u	0	0	1	2	HB	12	29	4
0	61	9	u	0	0	1	3	HB	11	29	4
0	61	9	u	0	0	1	4	HB	10	29	2
0	61	9	u	0	0	1	5	HB	9	29	2
0	61	9	u	0	0	1	6	HB	12	29	2
0	61	9	u	0	0	1	7	HB	11	29	2
0	61	9	u	0	0	2	0	HB	16	29	1
0	61	9	u	0	0	2	1	HB	15	29	1
0	61	9	u	0	0	2	2	HB	14	29	1
0	61	9	u	0	0	2	3	HB	13	29	1
0	61	9	u	0	0	2	4	HB	16	29	3
0	61	9	u	0	0	2	5	HB	15	29	3
0	61	9	u	0	0	2	6	HB	14	29	3
0	61	9	u	0	0	2	7	HB	13	29	3
0	61	9	u	0	0	3	0	HB	14	29	4
0	61	9	u	0	0	3	1	HB	13	29	4
0	61	9	u	0	0	3	2	HB	16	29	4
0	61	9	u	0	0	3	3	HB	15	29	4
0	61	9	u	0	0	3	4	HB	14	29	2
0	61	9	u	0	0	3	5	HB	13	29	2
0	61	9	u	0	0	3	6	HB	16	29	2
0	61	9	u	0	0	3	7	HB	15	29	2
0	61	9	u	0	0	4	0	HB	4	29	1
0	61	9	u	0	0	4	1	HB	3	29	1
0	61	9	u	0	0	4	2	HB	2	29	1
0	61	9	u	0	0	4	3	HB	1	29	1
0	61	9	u	0	0	4	4	HB	4	29	3
0	61	9	u	0	0	4	5	HB	3	29	3
0	61	9	u	0	0	4	6	HB	2	29	3
0	61	9	u	0	0	4	7	HB	1	29	3
0	61	9	u	0	0	5	0	HB	2	29	4
0	61	9	u	0	0	5	1	HB	1	29	4
0	61	9	u	0	0	5	2	HB	4	29	4
0	61	9	u	0	0	5	3	HB	3	29	4
0	61	9	u	0	0	5	4	HB	2	29	2
0	61	9	u	0	0	5	5	HB	1	29	2
0	61	9	u	0	0	5	6	HB	4	29	2
0	61	9	u	0	0	5	7	HB	3	29	2
0	61	9	u	0	0	6	0	HB	8	29	1
0	61	9	u	0	0	6	1	HB	7	29	1
0	61	9	u	0	0	6	2	HB	6	29	1
0	61	9	u	0	0	6	3	HB	5	29	1
0	61	9	u	0	0	6	4	HB	8	29	3
0	61	9	u	0	0	6	5	HB	7	29	3
0	61	9	u	0	0	6	6	HB	6	29	3
0	61	9	u	0	0	6	7	HB	5	29	3
0	61	9	u	0	0	7	0	HB	6	29	4
0	61	9	u	0	0	7	1	HB	5	29	4
0	61	9	u	0	0	7	2	HB	8	29	4
0	61	9	u	0	0	7	3	HB	7	29	4
0	61	9	u	0	0	7	4	HB	6	29	2
0	61	9	u	0	0	7	5	HB	5	29	2
0	61	9	u	0	0	7	6	HB	8	29	2
0	61	9	u	0	0	7	7	HB	7	29	2
0	61	9	u	0	0	8	0	HB	12	29	1
0	61	9	u	0	0	8	1	HB	11	29	1
0	61	9	u	0	0	8	2	HB	10	29	1
0	61	9	u	0	0	8	3	HB	9	29	1
0	61	9	u	0	0	8	4	HB	12	29	3
0	61	9	u	0	0	8	5	HB	11	29	3
0	61	9	u	0	0	8	6	HB	10	29	3
0	61	9	u	0	0	8	7	HB	9	29	3
0	61	9	u	0	0	1	0	HB	10	30	1
0	61	9	u	0	0	1	1	HB	9	30	1
0	61	9	u	0	0	1	2	HB	12	30	1
0	61	9	u	0	0	1	3	HB	11	30	1
0	61	9	u	0	0	1	4	HB	10	30	3
0	61	9	u	0	0	1	5	HB	9	30	3
0	61	9	u	0	0	1	6	HB	12	30	3
0	61	9	u	0	0	1	7	HB	11	30	3
0	61	9	u	0	0	2	0	HB	16	30	4
0	61	9	u	0	0	2	1	HB	15	30	4
0	61	9	u	0	0	2	2	HB	14	30	4
0	61	9	u	0	0	2	3	HB	13	30	4
0	61	9	u	0	0	2	4	HB	16	30	2
0	61	9	u	0	0	2	5	HB	15	30	2
0	61	9	u	0	0	2	6	HB	14	30	2
0	61	9	u	0	0	2	7	HB	13	30	2
0	61	9	u	0	0	3	0	HB	14	30	1
0	61	9	u	0	0	3	1	HB	13	30	1
0	61	9	u	0	0	3	2	HB	16	30	1
0	61	9	u	0	0	3	3	HB	15	30	1
0	61	9	u	0	0	3	4	HB	14	30	3
0	61	9	u	0	0	3	5	HB	13	30	3
0	61	9	u	0	0	3	6	HB	16	30	3
0	61	9	u	0	0	3	7	HB	15	30	3
0	61	9	u	0	0	4	0	HB	4	30	4
0	61	9	u	0	0	4	1	HB	3	30	4
0	61	9	u	0	0	4	2	HB	2	30	4
0	61	9	u	0	0	4	3	HB	1	30	4
0	61	9	u	0	0	4	4	HB	4	30	2
0	61	9	u	0	0	4	5	HB	3	30	2
0	61	9	u	0	0	4	6	HB	2	30	2
0	61	9	u	0	0	4	7	HB	1	30	2
0	61	9	u	0	0	5	0	HB	2	30	1
0	61	9	u	0	0	5	1	HB	1	30	1
0	61	9	u	0	0	5	2	HB	4	30	1
0	61	9	u	0	0	5	3	HB	3	30	1
0	61	9	u	0	0	5	4	HB	2	30	3
0	61	9	u	0	0	5	5	HB	1	30	3
0	61	9	u	0	0	5	6	HB	4	30	3
0	61	9	u	0	0	5	7	HB	3	30	3
0	61	9	u	0	0	6	0	HB	8	30	4
0	61	9	u	0	0	6	1	HB	7	30	4
0	61	9	u	0	0	6	2	HB	6	30	4
0	61	9	u	0	0	6	3	HB	5	30	4
0	61	9	u	0	0	6	4	HB	8	30	2
0	61	9	u	0	0	6	5	HB	7	30	2
0	61	9	u	0	0	6	6	HB	6	30	2
0	61	9	u	0	0	6	7	HB	5	30	2
0	61	9	u	0	0	7	0	HB	6	30	1
0	61	9	u	0	0	7	1	HB	5	30	1
0	61	9	u	0	0	7	2	HB	8	30	1
0	61	9	u	0	0	7	3	HB	7	30	1
0	61	9	u	0	0	7	4	HB	6	30	3
0	61	9	u	0	0	7	5	HB	5	30	3
0	61	9	u	0	0	7	6	HB	8	30	3
0	61	9	u	0	0	7	7	HB	7	30	3
0	61	9	u	0	0	8	0	HB	12	30	4
0	61	9	u	0	0	8	1	HB	11	30	4
0	61	9	u	0	0	8	2	HB	10	30	4
0	61	9	u	0	0	8	3	HB	9	30	4
0	61	9	u	0	0	8	4	HB	12	30	2
0	61	9	u	0	0	8	5	HB	11	30	2
0	61	9	u	0	0	8	6	HB	10	30	2
0	61	9	u	0	0	8	7	HB	9	30	2
0	61	9	u	0	0	1	0	HB	10	31	4
0	61	9	u	0	0	1	1	HB	9	31	4
0	61	9	u	0	0	1	2	HB	12	31	4
0	61	9	u	0	0	1	3	HB	11	31	4
0	61	9	u	0	0	1	4	HB	10	31	2
0	61	9	u	0	0	1	5	HB	9	31	2
0	61	9	u	0	0	1	6	HB	12	31	2
0	61	9	u	0	0	1	7	HB	11	31	2
0	61	9	u	0	0	2	0	HB	16	31	1
0	61	9	u	0	0	2	1	HB	15	31	1
0	61	9	u	0	0	2	2	HB	14	31	1
0	61	9	u	0	0	2	3	HB	13	31	1
0	61	9	u	0	0	2	4	HB	16	31	3
0	61	9	u	0	0	2	5	HB	15	31	3
0	61	9	u	0	0	2	6	HB	14	31	3
0	61	9	u	0	0	2	7	HB	13	31	3
0	61	9	u	0	0	3	0	HB	14	31	4
0	61	9	u	0	0	3	1	HB	13	31	4
0	61	9	u	0	0	3	2	HB	16	31	4
0	61	9	u	0	0	3	3	HB	15	31	4
0	61	9	u	0	0	3	4	HB	14	31	2
0	61	9	u	0	0	3	5	HB	13	31	2
0	61	9	u	0	0	3	6	HB	16	31	2
0	61	9	u	0	0	3	7	HB	15	31	2
0	61	9	u	0	0	4	0	HB	4	31	1
0	61	9	u	0	0	4	1	HB	3	31	1
0	61	9	u	0	0	4	2	HB	2	31	1
0	61	9	u	0	0	4	3	HB	1	31	1
0	61	9	u	0	0	4	4	HB	4	31	3
0	61	9	u	0	0	4	5	HB	3	31	3
0	61	9	u	0	0	4	6	HB	2	31	3
0	61	9	u	0	0	4	7	HB	1	31	3
0	61	9	u	0	0	5	0	HB	2	31	4
0	61	9	u	0	0	5	1	HB	1	31	4
0	61	9	u	0	0	5	2	HB	4	31	4
0	61	9	u	0	0	5	3	HB	3	31	4
0	61	9	u	0	0	5	4	HB	2	31	2
0	61	9	u	0	0	5	5	HB	1	31	2
0	61	9	u	0	0	5	6	HB	4	31	2
0	61	9	u	0	0	5	7	HB	3	31	2
0	61	9	u	0	0	6	0	HB	8	31	1
0	61	9	u	0	0	6	1	HB	7	31	1
0	61	9	u	0	0	6	2	HB	6	31	1
0	61	9	u	0	0	6	3	HB	5	31	1
0	61	9	u	0	0	6	4	HB	8	31	3
0	61	9	u	0	0	6	5	HB	7	31	3
0	61	9	u	0	0	6	6	HB	6	31	3
0	61	9	u	0	0	6	7	HB	5	31	3
0	61	9	u	0	0	7	0	HB	6	31	4
0	61	9	u	0	0	7	1	HB	5	31	4
0	61	9	u	0	0	7	2	HB	8	31	4
0	61	9	u	0	0	7	3	HB	7	31	4
0	61	9	u	0	0	7	4	HB	6	31	2
0	61	9	u	0	0	7	5	HB	5	31	2
0	61	9	u	0	0	7	6	HB	8	31	2
0	61	9	u	0	0	7	7	HB	7	31	2
0	61	9	u	0	0	8	0	HB	12	31	1
0	61	9	u	0	0	8	1	HB	11	31	1
0	61	9	u	0	0	8	2	HB	10	31	1
0	61	9	u	0	0	8	3	HB	9	31	1
0	61	9	u	0	0	8	4	HB	12	31	3
0	61	9	u	0	0	8	5	HB	11	31	3
0	61	9	u	0	0	8	6	HB	10	31	3
0	61	9	u	0	0	8	7	HB	9	31	3
0	61	10	u	0	0	1	0	HB	10	32	1
0	61	10	u	0	0	1	1	HB	9	32	1
0	61	10	u	0	0	1	2	HB	12	32	1
0	61	10	u	0	0	1	3	HB	11	32	1
0	61	10	u	0	0	1	4	HB	10	32	3
0	61	10	u	0	0	1	5	HB	9	32	3
0	61	10	u	0	0	1	6	HB	12	32	3
0	61	10	u	0	0	1	7	HB	11	32	3
0	61	10	u	0	0	2	0	HB	16	32	4
0	61	10	u	0	0	2	1	HB	15	32	4
0	61	10	u	0	0	2	2	HB	14	32	4
0	61	10	u	0	0	2	3	HB	13	32	4
0	61	10	u	0	0	2	4	HB	16	32	2
0	61	10	u	0	0	2	5	HB	15	32	2
0	61	10	u	0	0	2	6	HB	14	32	2
0	61	10	u	0	0	2	7	HB	13	32	2
0	61	10	u	0	0	3	0	HB	14	32	1
0	61	10	u	0	0	3	1	HB	13	32	1
0	61	10	u	0	0	3	2	HB	16	32	1
0	61	10	u	0	0	3	3	HB	15	32	1
0	61	10	u	0	0	3	4	HB	14	32	3
0	61	10	u	0	0	3	5	HB	13	32	3
0	61	10	u	0	0	3	6	HB	16	32	3
0	61	10	u	0	0	3	7	HB	15	32	3
0	61	10	u	0	0	4	0	HB	4	32	4
0	61	10	u	0	0	4	1	HB	3	32	4
0	61	10	u	0	0	4	2	HB	2	32	4
0	61	10	u	0	0	4	3	HB	1	32	4
0	61	10	u	0	0	4	4	HB	4	32	2
0	61	10	u	0	0	4	5	HB	3	32	2
0	61	10	u	0	0	4	6	HB	2	32	2
0	61	10	u	0	0	4	7	HB	1	32	2
0	61	10	u	0	0	5	0	HB	2	32	1
0	61	10	u	0	0	5	1	HB	1	32	1
0	61	10	u	0	0	5	2	HB	4	32	1
0	61	10	u	0	0	5	3	HB	3	32	1
0	61	10	u	0	0	5	4	HB	2	32	3
0	61	10	u	0	0	5	5	HB	1	32	3
0	61	10	u	0	0	5	6	HB	4	32	3
0	61	10	u	0	0	5	7	HB	3	32	3
0	61	10	u	0	0	6	0	HB	8	32	4
0	61	10	u	0	0	6	1	HB	7	32	4
0	61	10	u	0	0	6	2	HB	6	32	4
0	61	10	u	0	0	6	3	HB	5	32	4
0	61	10	u	0	0	6	4	HB	8	32	2
0	61	10	u	0	0	6	5	HB	7	32	2
0	61	10	u	0	0	6	6	HB	6	32	2
0	61	10	u	0	0	6	7	HB	5	32	2
0	61	10	u	0	0	7	0	HB	6	32	1
0	61	10	u	0	0	7	1	HB	5	32	1
0	61	10	u	0	0	7	2	HB	8	32	1
0	61	10	u	0	0	7	3	HB	7	32	1
0	61	10	u	0	0	7	4	HB	6	32	3
0	61	10	u	0	0	7	5	HB	5	32	3
0	61	10	u	0	0	7	6	HB	8	32	3
0	61	10	u	0	0	7	7	HB	7	32	3
0	61	10	u	0	0	8	0	HB	12	32	4
0	61	10	u	0	0	8	1	HB	11	32	4
0	61	10	u	0	0	8	2	HB	10	32	4
0	61	10	u	0	0	8	3	HB	9	32	4
0	61	10	u	0	0	8	4	HB	12	32	2
0	61	10	u	0	0	8	5	HB	11	32	2
0	61	10	u	0	0	8	6	HB	10	32	2
0	61	10	u	0	0	8	7	HB	9	32	2
0	61	10	u	0	0	1	0	HB	10	33	4
0	61	10	u	0	0	1	1	HB	9	33	4
0	61	10	u	0	0	1	2	HB	12	33	4
0	61	10	u	0	0	1	3	HB	11	33	4
0	61	10	u	0	0	1	4	HB	10	33	2
0	61	10	u	0	0	1	5	HB	9	33	2
0	61	10	u	0	0	1	6	HB	12	33	2
0	61	10	u	0	0	1	7	HB	11	33	2
0	61	10	u	0	0	2	0	HB	16	33	1
0	61	10	u	0	0	2	1	HB	15	33	1
0	61	10	u	0	0	2	2	HB	14	33	1
0	61	10	u	0	0	2	3	HB	13	33	1
0	61	10	u	0	0	2	4	HB	16	33	3
0	61	10	u	0	0	2	5	HB	15	33	3
0	61	10	u	0	0	2	6	HB	14	33	3
0	61	10	u	0	0	2	7	HB	13	33	3
0	61	10	u	0	0	3	0	HB	14	33	4
0	61	10	u	0	0	3	1	HB	13	33	4
0	61	10	u	0	0	3	2	HB	16	33	4
0	61	10	u	0	0	3	3	HB	15	33	4
0	61	10	u	0	0	3	4	HB	14	33	2
0	61	10	u	0	0	3	5	HB	13	33	2
0	61	10	u	0	0	3	6	HB	16	33	2
0	61	10	u	0	0	3	7	HB	15	33	2
0	61	10	u	0	0	4	0	HB	4	33	1
0	61	10	u	0	0	4	1	HB	3	33	1
0	61	10	u	0	0	4	2	HB	2	33	1
0	61	10	u	0	0	4	3	HB	1	33	1
0	61	10	u	0	0	4	4	HB	4	33	3
0	61	10	u	0	0	4	5	HB	3	33	3
0	61	10	u	0	0	4	6	HB	2	33	3
0	61	10	u	0	0	4	7	HB	1	33	3
0	61	10	u	0	0	5	0	HB	2	33	4
0	61	10	u	0	0	5	1	HB	1	33	4
0	61	10	u	0	0	5	2	HB	4	33	4
0	61	10	u	0	0	5	3	HB	3	33	4
0	61	10	u	0	0	5	4	HB	2	33	2
0	61	10	u	0	0	5	5	HB	1	33	2
0	61	10	u	0	0	5	6	HB	4	33	2
0	61	10	u	0	0	5	7	HB	3	33	2
0	61	10	u	0	0	6	0	HB	8	33	1
0	61	10	u	0	0	6	1	HB	7	33	1
0	61	10	u	0	0	6	2	HB	6	33	1
0	61	10	u	0	0	6	3	HB	5	33	1
0	61	10	u	0	0	6	4	HB	8	33	3
0	61	10	u	0	0	6	5	HB	7	33	3
0	61	10	u	0	0	6	6	HB	6	33	3
0	61	10	u	0	0	6	7	HB	5	33	3
0	61	10	u	0	0	7	0	HB	6	33	4
0	61	10	u	0	0	7	1	HB	5	33	4
0	61	10	u	0	0	7	2	HB	8	33	4
0	61	10	u	0	0	7	3	HB	7	33	4
0	61	10	u	0	0	7	4	HB	6	33	2
0	61	10	u	0	0	7	5	HB	5	33	2
0	61	10	u	0	0	7	6	HB	8	33	2
0	61	10	u	0	0	7	7	HB	7	33	2
0	61	10	u	0	0	8	0	HB	12	33	1
0	61	10	u	0	0	8	1	HB	11	33	1
0	61	10	u	0	0	8	2	HB	10	33	1
0	61	10	u	0	0	8	3	HB	9	33	1
0	61	10	u	0	0	8	4	HB	12	33	3
0	61	10	u	0	0	8	5	HB	11	33	3
0	61	10	u	0	0	8	6	HB	10	33	3
0	61	10	u	0	0	8	7	HB	9	33	3
0	61	10	u	0	0	1	0	HB	10	34	1
0	61	10	u	0	0	1	1	HB	9	34	1
0	61	10	u	0	0	1	2	HB	12	34	1
0	61	10	u	0	0	1	3	HB	11	34	1
0	61	10	u	0	0	1	4	HB	10	34	3
0	61	10	u	0	0	1	5	HB	9	34	3
0	61	10	u	0	0	1	6	HB	12	34	3
0	61	10	u	0	0	1	7	HB	11	34	3
0	61	10	u	0	0	2	0	HB	16	34	4
0	61	10	u	0	0	2	1	HB	15	34	4
0	61	10	u	0	0	2	2	HB	14	34	4
0	61	10	u	0	0	2	3	HB	13	34	4
0	61	10	u	0	0	2	4	HB	16	34	2
0	61	10	u	0	0	2	5	HB	15	34	2
0	61	10	u	0	0	2	6	HB	14	34	2
0	61	10	u	0	0	2	7	HB	13	34	2
0	61	10	u	0	0	3	0	HB	14	34	1
0	61	10	u	0	0	3	1	HB	13	34	1
0	61	10	u	0	0	3	2	HB	16	34	1
0	61	10	u	0	0	3	3	HB	15	34	1
0	61	10	u	0	0	3	4	HB	14	34	3
0	61	10	u	0	0	3	5	HB	13	34	3
0	61	10	u	0	0	3	6	HB	16	34	3
0	61	10	u	0	0	3	7	HB	15	34	3
0	61	10	u	0	0	4	0	HB	4	34	4
0	61	10	u	0	0	4	1	HB	3	34	4
0	61	10	u	0	0	4	2	HB	2	34	4
0	61	10	u	0	0	4	3	HB	1	34	4
0	61	10	u	0	0	4	4	HB	4	34	2
0	61	10	u	0	0	4	5	HB	3	34	2
0	61	10	u	0	0	4	6	HB	2	34	2
0	61	10	u	0	0	4	7	HB	1	34	2
0	61	10	u	0	0	5	0	HB	2	34	1
0	61	10	u	0	0	5	1	HB	1	34	1
0	61	10	u	0	0	5	2	HB	4	34	1
0	61	10	u	0	0	5	3	HB	3	34	1
0	61	10	u	0	0	5	4	HB	2	34	3
0	61	10	u	0	0	5	5	HB	1	34	3
0	61	10	u	0	0	5	6	HB	4	34	3
0	61	10	u	0	0	5	7	HB	3	34	3
0	61	10	u	0	0	6	0	HB	8	34	4
0	61	10	u	0	0	6	1	HB	7	34	4
0	61	10	u	0	0	6	2	HB	6	34	4
0	61	10	u	0	0	6	3	HB	5	34	4
0	61	10	u	0	0	6	4	HB	8	34	2
0	61	10	u	0	0	6	5	HB	7	34	2
0	61	10	u	0	0	6	6	HB	6	34	2
0	61	10	u	0	0	6	7	HB	5	34	2
0	61	10	u	0	0	7	0	HB	6	34	1
0	61	10	u	0	0	7	1	HB	5	34	1
0	61	10	u	0	0	7	2	HB	8	34	1
0	61	10	u	0	0	7	3	HB	7	34	1
0	61	10	u	0	0	7	4	HB	6	34	3
0	61	10	u	0	0	7	5	HB	5	34	3
0	61	10	u	0	0	7	6	HB	8	34	3
0	61	10	u	0	0	7	7	HB	7	34	3
0	61	10	u	0	0	8	0	HB	12	34	4
0	61	10	u	0	0	8	1	HB	11	34	4
0	61	10	u	0	0	8	2	HB	10	34	4
0	61	10	u	0	0	8	3	HB	9	34	4
0	61	10	u	0	0	8	4	HB	12	34	2
0	61	10	u	0	0	8	5	HB	11	34	2
0	61	10	u	0	0	8	6	HB	10	34	2
0	61	10	u	0	0	8	7	HB	9	34	2
0	61	11	u	0	0	1	0	HB	10	35	4
0	61	11	u	0	0	1	1	HB	9	35	4
0	61	11	u	0	0	1	2	HB	12	35	4
0	61	11	u	0	0	1	3	HB	11	35	4
0	61	11	u	0	0	1	4	HB	10	35	2
0	61	11	u	0	0	1	5	HB	9	35	2
0	61	11	u	0	0	1	6	HB	12	35	2
0	61	11	u	0	0	1	7	HB	11	35	2
0	61	11	u	0	0	2	0	HB	16	35	1
0	61	11	u	0	0	2	1	HB	15	35	1
0	61	11	u	0	0	2	2	HB	14	35	1
0	61	11	u	0	0	2	3	HB	13	35	1
0	61	11	u	0	0	2	4	HB	16	35	3
0	61	11	u	0	0	2	5	HB	15	35	3
0	61	11	u	0	0	2	6	HB	14	35	3
0	61	11	u	0	0	2	7	HB	13	35	3
0	61	11	u	0	0	3	0	HB	14	35	4
0	61	11	u	0	0	3	1	HB	13	35	4
0	61	11	u	0	0	3	2	HB	16	35	4
0	61	11	u	0	0	3	3	HB	15	35	4
0	61	11	u	0	0	3	4	HB	14	35	2
0	61	11	u	0	0	3	5	HB	13	35	2
0	61	11	u	0	0	3	6	HB	16	35	2
0	61	11	u	0	0	3	7	HB	15	35	2
0	61	11	u	0	0	4	0	HB	4	35	1
0	61	11	u	0	0	4	1	HB	3	35	1
0	61	11	u	0	0	4	2	HB	2	35	1
0	61	11	u	0	0	4	3	HB	1	35	1
0	61	11	u	0	0	4	4	HB	4	35	3
0	61	11	u	0	0	4	5	HB	3	35	3
0	61	11	u	0	0	4	6	HB	2	35	3
0	61	11	u	0	0	4	7	HB	1	35	3
0	61	11	u	0	0	5	0	HB	2	35	4
0	61	11	u	0	0	5	1	HB	1	35	4
0	61	11	u	0	0	5	2	HB	4	35	4
0	61	11	u	0	0	5	3	HB	3	35	4
0	61	11	u	0	0	5	4	HB	2	35	2
0	61	11	u	0	0	5	5	HB	1	35	2
0	61	11	u	0	0	5	6	HB	4	35	2
0	61	11	u	0	0	5	7	HB	3	35	2
0	61	11	u	0	0	6	0	HB	8	35	1
0	61	11	u	0	0	6	1	HB	7	35	1
0	61	11	u	0	0	6	2	HB	6	35	1
0	61	11	u	0	0	6	3	HB	5	35	1
0	61	11	u	0	0	6	4	HB	8	35	3
0	61	11	u	0	0	6	5	HB	7	35	3
0	61	11	u	0	0	6	6	HB	6	35	3
0	61	11	u	0	0	6	7	HB	5	35	3
0	61	11	u	0	0	7	0	HB	6	35	4
0	61	11	u	0	0	7	1	HB	5	35	4
0	61	11	u	0	0	7	2	HB	8	35	4
0	61	11	u	0	0	7	3	HB	7	35	4
0	61	11	u	0	0	7	4	HB	6	35	2
0	61	11	u	0	0	7	5	HB	5	35	2
0	61	11	u	0	0	7	6	HB	8	35	2
0	61	11	u	0	0	7	7	HB	7	35	2
0	61	11	u	0	0	8	0	HB	12	35	1
0	61	11	u	0	0	8	1	HB	11	35	1
0	61	11	u	0	0	8	2	HB	10	35	1
0	61	11	u	0	0	8	3	HB	9	35	1
0	61	11	u	0	0	8	4	HB	12	35	3
0	61	11	u	0	0	8	5	HB	11	35	3
0	61	11	u	0	0	8	6	HB	10	35	3
0	61	11	u	0	0	8	7	HB	9	35	3
0	61	11	u	0	0	1	0	HB	10	36	1
0	61	11	u	0	0	1	1	HB	9	36	1
0	61	11	u	0	0	1	2	HB	12	36	1
0	61	11	u	0	0	1	3	HB	11	36	1
0	61	11	u	0	0	1	4	HB	10	36	3
0	61	11	u	0	0	1	5	HB	9	36	3
0	61	11	u	0	0	1	6	HB	12	36	3
0	61	11	u	0	0	1	7	HB	11	36	3
0	61	11	u	0	0	2	0	HB	16	36	4
0	61	11	u	0	0	2	1	HB	15	36	4
0	61	11	u	0	0	2	2	HB	14	36	4
0	61	11	u	0	0	2	3	HB	13	36	4
0	61	11	u	0	0	2	4	HB	16	36	2
0	61	11	u	0	0	2	5	HB	15	36	2
0	61	11	u	0	0	2	6	HB	14	36	2
0	61	11	u	0	0	2	7	HB	13	36	2
0	61	11	u	0	0	3	0	HB	14	36	1
0	61	11	u	0	0	3	1	HB	13	36	1
0	61	11	u	0	0	3	2	HB	16	36	1
0	61	11	u	0	0	3	3	HB	15	36	1
0	61	11	u	0	0	3	4	HB	14	36	3
0	61	11	u	0	0	3	5	HB	13	36	3
0	61	11	u	0	0	3	6	HB	16	36	3
0	61	11	u	0	0	3	7	HB	15	36	3
0	61	11	u	0	0	4	0	HB	4	36	4
0	61	11	u	0	0	4	1	HB	3	36	4
0	61	11	u	0	0	4	2	HB	2	36	4
0	61	11	u	0	0	4	3	HB	1	36	4
0	61	11	u	0	0	4	4	HB	4	36	2
0	61	11	u	0	0	4	5	HB	3	36	2
0	61	11	u	0	0	4	6	HB	2	36	2
0	61	11	u	0	0	4	7	HB	1	36	2
0	61	11	u	0	0	5	0	HB	2	36	1
0	61	11	u	0	0	5	1	HB	1	36	1
0	61	11	u	0	0	5	2	HB	4	36	1
0	61	11	u	0	0	5	3	HB	3	36	1
0	61	11	u	0	0	5	4	HB	2	36	3
0	61	11	u	0	0	5	5	HB	1	36	3
0	61	11	u	0	0	5	6	HB	4	36	3
0	61	11	u	0	0	5	7	HB	3	36	3
0	61	11	u	0	0	6	0	HB	8	36	4
0	61	11	u	0	0	6	1	HB	7	36	4
0	61	11	u	0	0	6	2	HB	6	36	4
0	61	11	u	0	0	6	3	HB	5	36	4
0	61	11	u	0	0	6	4	HB	8	36	2
0	61	11	u	0	0	6	5	HB	7	36	2
0	61	11	u	0	0	6	6	HB	6	36	2
0	61	11	u	0	0	6	7	HB	5	36	2
0	61	11	u	0	0	7	0	HB	6	36	1
0	61	11	u	0	0	7	1	HB	5	36	1
0	61	11	u	0	0	7	2	HB	8	36	1
0	61	11	u	0	0	7	3	HB	7	36	1
0	61	11	u	0	0	7	4	HB	6	36	3
0	61	11	u	0	0	7	5	HB	5	36	3
0	61	11	u	0	0	7	6	HB	8	36	3
0	61	11	u	0	0	7	7	HB	7	36	3
0	61	11	u	0	0	8	0	HB	12	36	4
0	61	11	u	0	0	8	1	HB	11	36	4
0	61	11	u	0	0	8	2	HB	10	36	4
0	61	11	u	0	0	8	3	HB	9	36	4
0	61	11	u	0	0	8	4	HB	12	36	2
0	61	11	u	0	0	8	5	HB	11	36	2
0	61	11	u	0	0	8	6	HB	10	36	2
0	61	11	u	0	0	8	7	HB	9	36	2
0	61	11	u	0	0	1	0	HB	10	37	4
0	61	11	u	0	0	1	1	HB	9	37	4
0	61	11	u	0	0	1	2	HB	12	37	4
0	61	11	u	0	0	1	3	HB	11	37	4
0	61	11	u	0	0	1	4	HB	10	37	2
0	61	11	u	0	0	1	5	HB	9	37	2
0	61	11	u	0	0	1	6	HB	12	37	2
0	61	11	u	0	0	1	7	HB	11	37	2
0	61	11	u	0	0	2	0	HB	16	37	1
0	61	11	u	0	0	2	1	HB	15	37	1
0	61	11	u	0	0	2	2	HB	14	37	1
0	61	11	u	0	0	2	3	HB	13	37	1
0	61	11	u	0	0	2	4	HB	16	37	3
0	61	11	u	0	0	2	5	HB	15	37	3
0	61	11	u	0	0	2	6	HB	14	37	3
0	61	11	u	0	0	2	7	HB	13	37	3
0	61	11	u	0	0	3	0	HB	14	37	4
0	61	11	u	0	0	3	1	HB	13	37	4
0	61	11	u	0	0	3	2	HB	16	37	4
0	61	11	u	0	0	3	3	HB	15	37	4
0	61	11	u	0	0	3	4	HB	14	37	2
0	61	11	u	0	0	3	5	HB	13	37	2
0	61	11	u	0	0	3	6	HB	16	37	2
0	61	11	u	0	0	3	7	HB	15	37	2
0	61	11	u	0	0	4	0	HB	4	37	1
0	61	11	u	0	0	4	1	HB	3	37	1
0	61	11	u	0	0	4	2	HB	2	37	1
0	61	11	u	0	0	4	3	HB	1	37	1
0	61	11	u	0	0	4	4	HB	4	37	3
0	61	11	u	0	0	4	5	HB	3	37	3
0	61	11	u	0	0	4	6	HB	2	37	3
0	61	11	u	0	0	4	7	HB	1	37	3
0	61	11	u	0	0	5	0	HB	2	37	4
0	61	11	u	0	0	5	1	HB	1	37	4
0	61	11	u	0	0	5	2	HB	4	37	4
0	61	11	u	0	0	5	3	HB	3	37	4
0	61	11	u	0	0	5	4	HB	2	37	2
0	61	11	u	0	0	5	5	HB	1	37	2
0	61	11	u	0	0	5	6	HB	4	37	2
0	61	11	u	0	0	5	7	HB	3	37	2
0	61	11	u	0	0	6	0	HB	8	37	1
0	61	11	u	0	0	6	1	HB	7	37	1
0	61	11	u	0	0	6	2	HB	6	37	1
0	61	11	u	0	0	6	3	HB	5	37	1
0	61	11	u	0	0	6	4	HB	8	37	3
0	61	11	u	0	0	6	5	HB	7	37	3
0	61	11	u	0	0	6	6	HB	6	37	3
0	61	11	u	0	0	6	7	HB	5	37	3
0	61	11	u	0	0	7	0	HB	6	37	4
0	61	11	u	0	0	7	1	HB	5	37	4
0	61	11	u	0	0	7	2	HB	8	37	4
0	61	11	u	0	0	7	3	HB	7	37	4
0	61	11	u	0	0	7	4	HB	6	37	2
0	61	11	u	0	0	7	5	HB	5	37	2
0	61	11	u	0	0	7	6	HB	8	37	2
0	61	11	u	0	0	7	7	HB	7	37	2
0	61	11	u	0	0	8	0	HB	12	37	1
0	61	11	u	0	0	8	1	HB	11	37	1
0	61	11	u	0	0	8	2	HB	10	37	1
0	61	11	u	0	0	8	3	HB	9	37	1
0	61	11	u	0	0	8	4	HB	12	37	3
0	61	11	u	0	0	8	5	HB	11	37	3
0	61	11	u	0	0	8	6	HB	10	37	3
0	61	11	u	0	0	8	7	HB	9	37	3
0	61	12	u	0	0	1	0	HB	10	38	1
0	61	12	u	0	0	1	1	HB	9	38	1
0	61	12	u	0	0	1	2	HB	12	38	1
0	61	12	u	0	0	1	3	HB	11	38	1
0	61	12	u	0	0	1	4	HB	10	38	3
0	61	12	u	0	0	1	5	HB	9	38	3
0	61	12	u	0	0	1	6	HB	12	38	3
0	61	12	u	0	0	1	7	HB	11	38	3
0	61	12	u	0	0	2	0	HB	16	38	4
0	61	12	u	0	0	2	1	HB	15	38	4
0	61	12	u	0	0	2	2	HB	14	38	4
0	61	12	u	0	0	2	3	HB	13	38	4
0	61	12	u	0	0	2	4	HB	16	38	2
0	61	12	u	0	0	2	5	HB	15	38	2
0	61	12	u	0	0	2	6	HB	14	38	2
0	61	12	u	0	0	2	7	HB	13	38	2
0	61	12	u	0	0	3	0	HB	14	38	1
0	61	12	u	0	0	3	1	HB	13	38	1
0	61	12	u	0	0	3	2	HB	16	38	1
0	61	12	u	0	0	3	3	HB	15	38	1
0	61	12	u	0	0	3	4	HB	14	38	3
0	61	12	u	0	0	3	5	HB	13	38	3
0	61	12	u	0	0	3	6	HB	16	38	3
0	61	12	u	0	0	3	7	HB	15	38	3
0	61	12	u	0	0	4	0	HB	4	38	4
0	61	12	u	0	0	4	1	HB	3	38	4
0	61	12	u	0	0	4	2	HB	2	38	4
0	61	12	u	0	0	4	3	HB	1	38	4
0	61	12	u	0	0	4	4	HB	4	38	2
0	61	12	u	0	0	4	5	HB	3	38	2
0	61	12	u	0	0	4	6	HB	2	38	2
0	61	12	u	0	0	4	7	HB	1	38	2
0	61	12	u	0	0	5	0	HB	2	38	1
0	61	12	u	0	0	5	1	HB	1	38	1
0	61	12	u	0	0	5	2	HB	4	38	1
0	61	12	u	0	0	5	3	HB	3	38	1
0	61	12	u	0	0	5	4	HB	2	38	3
0	61	12	u	0	0	5	5	HB	1	38	3
0	61	12	u	0	0	5	6	HB	4	38	3
0	61	12	u	0	0	5	7	HB	3	38	3
0	61	12	u	0	0	6	0	HB	8	38	4
0	61	12	u	0	0	6	1	HB	7	38	4
0	61	12	u	0	0	6	2	HB	6	38	4
0	61	12	u	0	0	6	3	HB	5	38	4
0	61	12	u	0	0	6	4	HB	8	38	2
0	61	12	u	0	0	6	5	HB	7	38	2
0	61	12	u	0	0	6	6	HB	6	38	2
0	61	12	u	0	0	6	7	HB	5	38	2
0	61	12	u	0	0	7	0	HB	6	38	1
0	61	12	u	0	0	7	1	HB	5	38	1
0	61	12	u	0	0	7	2	HB	8	38	1
0	61	12	u	0	0	7	3	HB	7	38	1
0	61	12	u	0	0	7	4	HB	6	38	3
0	61	12	u	0	0	7	5	HB	5	38	3
0	61	12	u	0	0	7	6	HB	8	38	3
0	61	12	u	0	0	7	7	HB	7	38	3
0	61	12	u	0	0	8	0	HB	12	38	4
0	61	12	u	0	0	8	1	HB	11	38	4
0	61	12	u	0	0	8	2	HB	10	38	4
0	61	12	u	0	0	8	3	HB	9	38	4
0	61	12	u	0	0	8	4	HB	12	38	2
0	61	12	u	0	0	8	5	HB	11	38	2
0	61	12	u	0	0	8	6	HB	10	38	2
0	61	12	u	0	0	8	7	HB	9	38	2
0	61	12	u	0	0	1	0	HB	10	39	4
0	61	12	u	0	0	1	1	HB	9	39	4
0	61	12	u	0	0	1	2	HB	12	39	4
0	61	12	u	0	0	1	3	HB	11	39	4
0	61	12	u	0	0	1	4	HB	10	39	2
0	61	12	u	0	0	1	5	HB	9	39	2
0	61	12	u	0	0	1	6	HB	12	39	2
0	61	12	u	0	0	1	7	HB	11	39	2
0	61	12	u	0	0	2	0	HB	16	39	1
0	61	12	u	0	0	2	1	HB	15	39	1
0	61	12	u	0	0	2	2	HB	14	39	1
0	61	12	u	0	0	2	3	HB	13	39	1
0	61	12	u	0	0	2	4	HB	16	39	3
0	61	12	u	0	0	2	5	HB	15	39	3
0	61	12	u	0	0	2	6	HB	14	39	3
0	61	12	u	0	0	2	7	HB	13	39	3
0	61	12	u	0	0	3	0	HB	14	39	4
0	61	12	u	0	0	3	1	HB	13	39	4
0	61	12	u	0	0	3	2	HB	16	39	4
0	61	12	u	0	0	3	3	HB	15	39	4
0	61	12	u	0	0	3	4	HB	14	39	2
0	61	12	u	0	0	3	5	HB	13	39	2
0	61	12	u	0	0	3	6	HB	16	39	2
0	61	12	u	0	0	3	7	HB	15	39	2
0	61	12	u	0	0	4	0	HB	4	39	1
0	61	12	u	0	0	4	1	HB	3	39	1
0	61	12	u	0	0	4	2	HB	2	39	1
0	61	12	u	0	0	4	3	HB	1	39	1
0	61	12	u	0	0	4	4	HB	4	39	3
0	61	12	u	0	0	4	5	HB	3	39	3
0	61	12	u	0	0	4	6	HB	2	39	3
0	61	12	u	0	0	4	7	HB	1	39	3
0	61	12	u	0	0	5	0	HB	2	39	4
0	61	12	u	0	0	5	1	HB	1	39	4
0	61	12	u	0	0	5	2	HB	4	39	4
0	61	12	u	0	0	5	3	HB	3	39	4
0	61	12	u	0	0	5	4	HB	2	39	2
0	61	12	u	0	0	5	5	HB	1	39	2
0	61	12	u	0	0	5	6	HB	4	39	2
0	61	12	u	0	0	5	7	HB	3	39	2
0	61	12	u	0	0	6	0	HB	8	39	1
0	61	12	u	0	0	6	1	HB	7	39	1
0	61	12	u	0	0	6	2	HB	6	39	1
0	61	12	u	0	0	6	3	HB	5	39	1
0	61	12	u	0	0	6	4	HB	8	39	3
0	61	12	u	0	0	6	5	HB	7	39	3
0	61	12	u	0	0	6	6	HB	6	39	3
0	61	12	u	0	0	6	7	HB	5	39	3
0	61	12	u	0	0	7	0	HB	6	39	4
0	61	12	u	0	0	7	1	HB	5	39	4
0	61	12	u	0	0	7	2	HB	8	39	4
0	61	12	u	0	0	7	3	HB	7	39	4
0	61	12	u	0	0	7	4	HB	6	39	2
0	61	12	u	0	0	7	5	HB	5	39	2
0	61	12	u	0	0	7	6	HB	8	39	2
0	61	12	u	0	0	7	7	HB	7	39	2
0	61	12	u	0	0	8	0	HB	12	39	1
0	61	12	u	0	0	8	1	HB	11	39	1
0	61	12	u	0	0	8	2	HB	10	39	1
0	61	12	u	0	0	8	3	HB	9	39	1
0	61	12	u	0	0	8	4	HB	12	39	3
0	61	12	u	0	0	8	5	HB	11	39	3
0	61	12	u	0	0	8	6	HB	10	39	3
0	61	12	u	0	0	8	7	HB	9	39	3
0	61	12	u	0	0	1	0	HB	10	40	1
0	61	12	u	0	0	1	1	HB	9	40	1
0	61	12	u	0	0	1	2	HB	12	40	1
0	61	12	u	0	0	1	3	HB	11	40	1
0	61	12	u	0	0	1	4	HB	10	40	3
0	61	12	u	0	0	1	5	HB	9	40	3
0	61	12	u	0	0	1	6	HB	12	40	3
0	61	12	u	0	0	1	7	HB	11	40	3
0	61	12	u	0	0	2	0	HB	16	40	4
0	61	12	u	0	0	2	1	HB	15	40	4
0	61	12	u	0	0	2	2	HB	14	40	4
0	61	12	u	0	0	2	3	HB	13	40	4
0	61	12	u	0	0	2	4	HB	16	40	2
0	61	12	u	0	0	2	5	HB	15	40	2
0	61	12	u	0	0	2	6	HB	14	40	2
0	61	12	u	0	0	2	7	HB	13	40	2
0	61	12	u	0	0	3	0	HB	14	40	1
0	61	12	u	0	0	3	1	HB	13	40	1
0	61	12	u	0	0	3	2	HB	16	40	1
0	61	12	u	0	0	3	3	HB	15	40	1
0	61	12	u	0	0	3	4	HB	14	40	3
0	61	12	u	0	0	3	5	HB	13	40	3
0	61	12	u	0	0	3	6	HB	16	40	3
0	61	12	u	0	0	3	7	HB	15	40	3
0	61	12	u	0	0	4	0	HB	4	40	4
0	61	12	u	0	0	4	1	HB	3	40	4
0	61	12	u	0	0	4	2	HB	2	40	4
0	61	12	u	0	0	4	3	HB	1	40	4
0	61	12	u	0	0	4	4	HB	4	40	2
0	61	12	u	0	0	4	5	HB	3	40	2
0	61	12	u	0	0	4	6	HB	2	40	2
0	61	12	u	0	0	4	7	HB	1	40	2
0	61	12	u	0	0	5	0	HB	2	40	1
0	61	12	u	0	0	5	1	HB	1	40	1
0	61	12	u	0	0	5	2	HB	4	40	1
0	61	12	u	0	0	5	3	HB	3	40	1
0	61	12	u	0	0	5	4	HB	2	40	3
0	61	12	u	0	0	5	5	HB	1	40	3
0	61	12	u	0	0	5	6	HB	4	40	3
0	61	12	u	0	0	5	7	HB	3	40	3
0	61	12	u	0	0	6	0	HB	8	40	4
0	61	12	u	0	0	6	1	HB	7	40	4
0	61	12	u	0	0	6	2	HB	6	40	4
0	61	12	u	0	0	6	3	HB	5	40	4
0	61	12	u	0	0	6	4	HB	8	40	2
0	61	12	u	0	0	6	5	HB	7	40	2
0	61	12	u	0	0	6	6	HB	6	40	2
0	61	12	u	0	0	6	7	HB	5	40	2
0	61	12	u	0	0	7	0	HB	6	40	1
0	61	12	u	0	0	7	1	HB	5	40	1
0	61	12	u	0	0	7	2	HB	8	40	1
0	61	12	u	0	0	7	3	HB	7	40	1
0	61	12	u	0	0	7	4	HB	6	40	3
0	61	12	u	0	0	7	5	HB	5	40	3
0	61	12	u	0	0	7	6	HB	8	40	3
0	61	12	u	0	0	7	7	HB	7	40	3
0	61	12	u	0	0	8	0	HB	12	40	4
0	61	12	u	0	0	8	1	HB	11	40	4
0	61	12	u	0	0	8	2	HB	10	40	4
0	61	12	u	0	0	8	3	HB	9	40	4
0	61	12	u	0	0	8	4	HB	12	40	2
0	61	12	u	0	0	8	5	HB	11	40	2
0	61	12	u	0	0	8	6	HB	10	40	2
0	61	12	u	0	0	8	7	HB	9	40	2
0	62	1	u	0	0	1	0	HB	10	41	4
0	62	1	u	0	0	1	1	HB	9	41	4
0	62	1	u	0	0	1	2	HB	12	41	4
0	62	1	u	0	0	1	3	HB	11	41	4
0	62	1	u	0	0	1	4	HB	10	41	2
0	62	1	u	0	0	1	5	HB	9	41	2
0	62	1	u	0	0	1	6	HB	12	41	2
0	62	1	u	0	0	1	7	HB	11	41	2
0	62	1	u	0	0	2	0	HB	16	41	1
0	62	1	u	0	0	2	1	HB	15	41	1
0	62	1	u	0	0	2	2	HB	14	41	1
0	62	1	u	0	0	2	3	HB	13	41	1
0	62	1	u	0	0	2	4	HB	16	41	3
0	62	1	u	0	0	2	5	HB	15	41	3
0	62	1	u	0	0	2	6	HB	14	41	3
0	62	1	u	0	0	2	7	HB	13	41	3
0	62	1	u	0	0	3	0	HB	14	41	4
0	62	1	u	0	0	3	1	HB	13	41	4
0	62	1	u	0	0	3	2	HB	16	41	4
0	62	1	u	0	0	3	3	HB	15	41	4
0	62	1	u	0	0	3	4	HB	14	41	2
0	62	1	u	0	0	3	5	HB	13	41	2
0	62	1	u	0	0	3	6	HB	16	41	2
0	62	1	u	0	0	3	7	HB	15	41	2
0	62	1	u	0	0	4	0	HB	4	41	1
0	62	1	u	0	0	4	1	HB	3	41	1
0	62	1	u	0	0	4	2	HB	2	41	1
0	62	1	u	0	0	4	3	HB	1	41	1
0	62	1	u	0	0	4	4	HB	4	41	3
0	62	1	u	0	0	4	5	HB	3	41	3
0	62	1	u	0	0	4	6	HB	2	41	3
0	62	1	u	0	0	4	7	HB	1	41	3
0	62	1	u	0	0	5	0	HB	2	41	4
0	62	1	u	0	0	5	1	HB	1	41	4
0	62	1	u	0	0	5	2	HB	4	41	4
0	62	1	u	0	0	5	3	HB	3	41	4
0	62	1	u	0	0	5	4	HB	2	41	2
0	62	1	u	0	0	5	5	HB	1	41	2
0	62	1	u	0	0	5	6	HB	4	41	2
0	62	1	u	0	0	5	7	HB	3	41	2
0	62	1	u	0	0	6	0	HB	8	41	1
0	62	1	u	0	0	6	1	HB	7	41	1
0	62	1	u	0	0	6	2	HB	6	41	1
0	62	1	u	0	0	6	3	HB	5	41	1
0	62	1	u	0	0	6	4	HB	8	41	3
0	62	1	u	0	0	6	5	HB	7	41	3
0	62	1	u	0	0	6	6	HB	6	41	3
0	62	1	u	0	0	6	7	HB	5	41	3
0	62	1	u	0	0	7	0	HB	6	41	4
0	62	1	u	0	0	7	1	HB	5	41	4
0	62	1	u	0	0	7	2	HB	8	41	4
0	62	1	u	0	0	7	3	HB	7	41	4
0	62	1	u	0	0	7	4	HB	6	41	2
0	62	1	u	0	0	7	5	HB	5	41	2
0	62	1	u	0	0	7	6	HB	8	41	2
0	62	1	u	0	0	7	7	HB	7	41	2
0	62	1	u	0	0	8	0	HB	12	41	1
0	62	1	u	0	0	8	1	HB	11	41	1
0	62	1	u	0	0	8	2	HB	10	41	1
0	62	1	u	0	0	8	3	HB	9	41	1
0	62	1	u	0	0	8	4	HB	12	41	3
0	62	1	u	0	0	8	5	HB	11	41	3
0	62	1	u	0	0	8	6	HB	10	41	3
0	62	1	u	0	0	8	7	HB	9	41	3
0	62	1	u	0	0	1	0	HB	10	42	1
0	62	1	u	0	0	1	1	HB	9	42	1
0	62	1	u	0	0	1	2	HB	12	42	1
0	62	1	u	0	0	1	3	HB	11	42	1
0	62	1	u	0	0	1	4	HB	10	42	3
0	62	1	u	0	0	1	5	HB	9	42	3
0	62	1	u	0	0	1	6	HB	12	42	3
0	62	1	u	0	0	1	7	HB	11	42	3
0	62	1	u	0	0	2	0	HB	16	42	4
0	62	1	u	0	0	2	1	HB	15	42	4
0	62	1	u	0	0	2	2	HB	14	42	4
0	62	1	u	0	0	2	3	HB	13	42	4
0	62	1	u	0	0	2	4	HB	16	42	2
0	62	1	u	0	0	2	5	HB	15	42	2
0	62	1	u	0	0	2	6	HB	14	42	2
0	62	1	u	0	0	2	7	HB	13	42	2
0	62	1	u	0	0	3	0	HB	14	42	1
0	62	1	u	0	0	3	1	HB	13	42	1
0	62	1	u	0	0	3	2	HB	16	42	1
0	62	1	u	0	0	3	3	HB	15	42	1
0	62	1	u	0	0	3	4	HB	14	42	3
0	62	1	u	0	0	3	5	HB	13	42	3
0	62	1	u	0	0	3	6	HB	16	42	3
0	62	1	u	0	0	3	7	HB	15	42	3
0	62	1	u	0	0	4	0	HB	4	42	4
0	62	1	u	0	0	4	1	HB	3	42	4
0	62	1	u	0	0	4	2	HB	2	42	4
0	62	1	u	0	0	4	3	HB	1	42	4
0	62	1	u	0	0	4	4	HB	4	42	2
0	62	1	u	0	0	4	5	HB	3	42	2
0	62	1	u	0	0	4	6	HB	2	42	2
0	62	1	u	0	0	4	7	HB	1	42	2
0	62	1	u	0	0	5	0	HB	2	42	1
0	62	1	u	0	0	5	1	HB	1	42	1
0	62	1	u	0	0	5	2	HB	4	42	1
0	62	1	u	0	0	5	3	HB	3	42	1
0	62	1	u	0	0	5	4	HB	2	42	3
0	62	1	u	0	0	5	5	HB	1	42	3
0	62	1	u	0	0	5	6	HB	4	42	3
0	62	1	u	0	0	5	7	HB	3	42	3
0	62	1	u	0	0	6	0	HB	8	42	4
0	62	1	u	0	0	6	1	HB	7	42	4
0	62	1	u	0	0	6	2	HB	6	42	4
0	62	1	u	0	0	6	3	HB	5	42	4
0	62	1	u	0	0	6	4	HB	8	42	2
0	62	1	u	0	0	6	5	HB	7	42	2
0	62	1	u	0	0	6	6	HB	6	42	2
0	62	1	u	0	0	6	7	HB	5	42	2
0	62	1	u	0	0	7	0	HB	6	42	1
0	62	1	u	0	0	7	1	HB	5	42	1
0	62	1	u	0	0	7	2	HB	8	42	1
0	62	1	u	0	0	7	3	HB	7	42	1
0	62	1	u	0	0	7	4	HB	6	42	3
0	62	1	u	0	0	7	5	HB	5	42	3
0	62	1	u	0	0	7	6	HB	8	42	3
0	62	1	u	0	0	7	7	HB	7	42	3
0	62	1	u	0	0	8	0	HB	12	42	4
0	62	1	u	0	0	8	1	HB	11	42	4
0	62	1	u	0	0	8	2	HB	10	42	4
0	62	1	u	0	0	8	3	HB	9	42	4
0	62	1	u	0	0	8	4	HB	12	42	2
0	62	1	u	0	0	8	5	HB	11	42	2
0	62	1	u	0	0	8	6	HB	10	42	2
0	62	1	u	0	0	8	7	HB	9	42	2
0	62	1	u	0	0	1	0	HB	10	43	4
0	62	1	u	0	0	1	1	HB	9	43	4
0	62	1	u	0	0	1	2	HB	12	43	4
0	62	1	u	0	0	1	3	HB	11	43	4
0	62	1	u	0	0	1	4	HB	10	43	2
0	62	1	u	0	0	1	5	HB	9	43	2
0	62	1	u	0	0	1	6	HB	12	43	2
0	62	1	u	0	0	1	7	HB	11	43	2
0	62	1	u	0	0	2	0	HB	16	43	1
0	62	1	u	0	0	2	1	HB	15	43	1
0	62	1	u	0	0	2	2	HB	14	43	1
0	62	1	u	0	0	2	3	HB	13	43	1
0	62	1	u	0	0	2	4	HB	16	43	3
0	62	1	u	0	0	2	5	HB	15	43	3
0	62	1	u	0	0	2	6	HB	14	43	3
0	62	1	u	0	0	2	7	HB	13	43	3
0	62	1	u	0	0	3	0	HB	14	43	4
0	62	1	u	0	0	3	1	HB	13	43	4
0	62	1	u	0	0	3	2	HB	16	43	4
0	62	1	u	0	0	3	3	HB	15	43	4
0	62	1	u	0	0	3	4	HB	14	43	2
0	62	1	u	0	0	3	5	HB	13	43	2
0	62	1	u	0	0	3	6	HB	16	43	2
0	62	1	u	0	0	3	7	HB	15	43	2
0	62	1	u	0	0	4	0	HB	4	43	1
0	62	1	u	0	0	4	1	HB	3	43	1
0	62	1	u	0	0	4	2	HB	2	43	1
0	62	1	u	0	0	4	3	HB	1	43	1
0	62	1	u	0	0	4	4	HB	4	43	3
0	62	1	u	0	0	4	5	HB	3	43	3
0	62	1	u	0	0	4	6	HB	2	43	3
0	62	1	u	0	0	4	7	HB	1	43	3
0	62	1	u	0	0	5	0	HB	2	43	4
0	62	1	u	0	0	5	1	HB	1	43	4
0	62	1	u	0	0	5	2	HB	4	43	4
0	62	1	u	0	0	5	3	HB	3	43	4
0	62	1	u	0	0	5	4	HB	2	43	2
0	62	1	u	0	0	5	5	HB	1	43	2
0	62	1	u	0	0	5	6	HB	4	43	2
0	62	1	u	0	0	5	7	HB	3	43	2
0	62	1	u	0	0	6	0	HB	8	43	1
0	62	1	u	0	0	6	1	HB	7	43	1
0	62	1	u	0	0	6	2	HB	6	43	1
0	62	1	u	0	0	6	3	HB	5	43	1
0	62	1	u	0	0	6	4	HB	8	43	3
0	62	1	u	0	0	6	5	HB	7	43	3
0	62	1	u	0	0	6	6	HB	6	43	3
0	62	1	u	0	0	6	7	HB	5	43	3
0	62	1	u	0	0	7	0	HB	6	43	4
0	62	1	u	0	0	7	1	HB	5	43	4
0	62	1	u	0	0	7	2	HB	8	43	4
0	62	1	u	0	0	7	3	HB	7	43	4
0	62	1	u	0	0	7	4	HB	6	43	2
0	62	1	u	0	0	7	5	HB	5	43	2
0	62	1	u	0	0	7	6	HB	8	43	2
0	62	1	u	0	0	7	7	HB	7	43	2
0	62	1	u	0	0	8	0	HB	12	43	1
0	62	1	u	0	0	8	1	HB	11	43	1
0	62	1	u	0	0	8	2	HB	10	43	1
0	62	1	u	0	0	8	3	HB	9	43	1
0	62	1	u	0	0	8	4	HB	12	43	3
0	62	1	u	0	0	8	5	HB	11	43	3
0	62	1	u	0	0	8	6	HB	10	43	3
0	62	1	u	0	0	8	7	HB	9	43	3
0	62	2	u	0	0	1	0	HB	10	44	1
0	62	2	u	0	0	1	1	HB	9	44	1
0	62	2	u	0	0	1	2	HB	12	44	1
0	62	2	u	0	0	1	3	HB	11	44	1
0	62	2	u	0	0	1	4	HB	10	44	3
0	62	2	u	0	0	1	5	HB	9	44	3
0	62	2	u	0	0	1	6	HB	12	44	3
0	62	2	u	0	0	1	7	HB	11	44	3
0	62	2	u	0	0	2	0	HB	16	44	4
0	62	2	u	0	0	2	1	HB	15	44	4
0	62	2	u	0	0	2	2	HB	14	44	4
0	62	2	u	0	0	2	3	HB	13	44	4
0	62	2	u	0	0	2	4	HB	16	44	2
0	62	2	u	0	0	2	5	HB	15	44	2
0	62	2	u	0	0	2	6	HB	14	44	2
0	62	2	u	0	0	2	7	HB	13	44	2
0	62	2	u	0	0	3	0	HB	14	44	1
0	62	2	u	0	0	3	1	HB	13	44	1
0	62	2	u	0	0	3	2	HB	16	44	1
0	62	2	u	0	0	3	3	HB	15	44	1
0	62	2	u	0	0	3	4	HB	14	44	3
0	62	2	u	0	0	3	5	HB	13	44	3
0	62	2	u	0	0	3	6	HB	16	44	3
0	62	2	u	0	0	3	7	HB	15	44	3
0	62	2	u	0	0	4	0	HB	4	44	4
0	62	2	u	0	0	4	1	HB	3	44	4
0	62	2	u	0	0	4	2	HB	2	44	4
0	62	2	u	0	0	4	3	HB	1	44	4
0	62	2	u	0	0	4	4	HB	4	44	2
0	62	2	u	0	0	4	5	HB	3	44	2
0	62	2	u	0	0	4	6	HB	2	44	2
0	62	2	u	0	0	4	7	HB	1	44	2
0	62	2	u	0	0	5	0	HB	2	44	1
0	62	2	u	0	0	5	1	HB	1	44	1
0	62	2	u	0	0	5	2	HB	4	44	1
0	62	2	u	0	0	5	3	HB	3	44	1
0	62	2	u	0	0	5	4	HB	2	44	3
0	62	2	u	0	0	5	5	HB	1	44	3
0	62	2	u	0	0	5	6	HB	4	44	3
0	62	2	u	0	0	5	7	HB	3	44	3
0	62	2	u	0	0	6	0	HB	8	44	4
0	62	2	u	0	0	6	1	HB	7	44	4
0	62	2	u	0	0	6	2	HB	6	44	4
0	62	2	u	0	0	6	3	HB	5	44	4
0	62	2	u	0	0	6	4	HB	8	44	2
0	62	2	u	0	0	6	5	HB	7	44	2
0	62	2	u	0	0	6	6	HB	6	44	2
0	62	2	u	0	0	6	7	HB	5	44	2
0	62	2	u	0	0	7	0	HB	6	44	1
0	62	2	u	0	0	7	1	HB	5	44	1
0	62	2	u	0	0	7	2	HB	8	44	1
0	62	2	u	0	0	7	3	HB	7	44	1
0	62	2	u	0	0	7	4	HB	6	44	3
0	62	2	u	0	0	7	5	HB	5	44	3
0	62	2	u	0	0	7	6	HB	8	44	3
0	62	2	u	0	0	7	7	HB	7	44	3
0	62	2	u	0	0	8	0	HB	12	44	4
0	62	2	u	0	0	8	1	HB	11	44	4
0	62	2	u	0	0	8	2	HB	10	44	4
0	62	2	u	0	0	8	3	HB	9	44	4
0	62	2	u	0	0	8	4	HB	12	44	2
0	62	2	u	0	0	8	5	HB	11	44	2
0	62	2	u	0	0	8	6	HB	10	44	2
0	62	2	u	0	0	8	7	HB	9	44	2
0	62	2	u	0	0	1	0	HB	10	45	4
0	62	2	u	0	0	1	1	HB	9	45	4
0	62	2	u	0	0	1	2	HB	12	45	4
0	62	2	u	0	0	1	3	HB	11	45	4
0	62	2	u	0	0	1	4	HB	10	45	2
0	62	2	u	0	0	1	5	HB	9	45	2
0	62	2	u	0	0	1	6	HB	12	45	2
0	62	2	u	0	0	1	7	HB	11	45	2
0	62	2	u	0	0	2	0	HB	16	45	1
0	62	2	u	0	0	2	1	HB	15	45	1
0	62	2	u	0	0	2	2	HB	14	45	1
0	62	2	u	0	0	2	3	HB	13	45	1
0	62	2	u	0	0	2	4	HB	16	45	3
0	62	2	u	0	0	2	5	HB	15	45	3
0	62	2	u	0	0	2	6	HB	14	45	3
0	62	2	u	0	0	2	7	HB	13	45	3
0	62	2	u	0	0	3	0	HB	14	45	4
0	62	2	u	0	0	3	1	HB	13	45	4
0	62	2	u	0	0	3	2	HB	16	45	4
0	62	2	u	0	0	3	3	HB	15	45	4
0	62	2	u	0	0	3	4	HB	14	45	2
0	62	2	u	0	0	3	5	HB	13	45	2
0	62	2	u	0	0	3	6	HB	16	45	2
0	62	2	u	0	0	3	7	HB	15	45	2
0	62	2	u	0	0	4	0	HB	4	45	1
0	62	2	u	0	0	4	1	HB	3	45	1
0	62	2	u	0	0	4	2	HB	2	45	1
0	62	2	u	0	0	4	3	HB	1	45	1
0	62	2	u	0	0	4	4	HB	4	45	3
0	62	2	u	0	0	4	5	HB	3	45	3
0	62	2	u	0	0	4	6	HB	2	45	3
0	62	2	u	0	0	4	7	HB	1	45	3
0	62	2	u	0	0	5	0	HB	2	45	4
0	62	2	u	0	0	5	1	HB	1	45	4
0	62	2	u	0	0	5	2	HB	4	45	4
0	62	2	u	0	0	5	3	HB	3	45	4
0	62	2	u	0	0	5	4	HB	2	45	2
0	62	2	u	0	0	5	5	HB	1	45	2
0	62	2	u	0	0	5	6	HB	4	45	2
0	62	2	u	0	0	5	7	HB	3	45	2
0	62	2	u	0	0	6	0	HB	8	45	1
0	62	2	u	0	0	6	1	HB	7	45	1
0	62	2	u	0	0	6	2	HB	6	45	1
0	62	2	u	0	0	6	3	HB	5	45	1
0	62	2	u	0	0	6	4	HB	8	45	3
0	62	2	u	0	0	6	5	HB	7	45	3
0	62	2	u	0	0	6	6	HB	6	45	3
0	62	2	u	0	0	6	7	HB	5	45	3
0	62	2	u	0	0	7	0	HB	6	45	4
0	62	2	u	0	0	7	1	HB	5	45	4
0	62	2	u	0	0	7	2	HB	8	45	4
0	62	2	u	0	0	7	3	HB	7	45	4
0	62	2	u	0	0	7	4	HB	6	45	2
0	62	2	u	0	0	7	5	HB	5	45	2
0	62	2	u	0	0	7	6	HB	8	45	2
0	62	2	u	0	0	7	7	HB	7	45	2
0	62	2	u	0	0	8	0	HB	12	45	1
0	62	2	u	0	0	8	1	HB	11	45	1
0	62	2	u	0	0	8	2	HB	10	45	1
0	62	2	u	0	0	8	3	HB	9	45	1
0	62	2	u	0	0	8	4	HB	12	45	3
0	62	2	u	0	0	8	5	HB	11	45	3
0	62	2	u	0	0	8	6	HB	10	45	3
0	62	2	u	0	0	8	7	HB	9	45	3
0	62	2	u	0	0	1	0	HB	10	46	1
0	62	2	u	0	0	1	1	HB	9	46	1
0	62	2	u	0	0	1	2	HB	12	46	1
0	62	2	u	0	0	1	3	HB	11	46	1
0	62	2	u	0	0	1	4	HB	10	46	3
0	62	2	u	0	0	1	5	HB	9	46	3
0	62	2	u	0	0	1	6	HB	12	46	3
0	62	2	u	0	0	1	7	HB	11	46	3
0	62	2	u	0	0	2	0	HB	16	46	4
0	62	2	u	0	0	2	1	HB	15	46	4
0	62	2	u	0	0	2	2	HB	14	46	4
0	62	2	u	0	0	2	3	HB	13	46	4
0	62	2	u	0	0	2	4	HB	16	46	2
0	62	2	u	0	0	2	5	HB	15	46	2
0	62	2	u	0	0	2	6	HB	14	46	2
0	62	2	u	0	0	2	7	HB	13	46	2
0	62	2	u	0	0	3	0	HB	14	46	1
0	62	2	u	0	0	3	1	HB	13	46	1
0	62	2	u	0	0	3	2	HB	16	46	1
0	62	2	u	0	0	3	3	HB	15	46	1
0	62	2	u	0	0	3	4	HB	14	46	3
0	62	2	u	0	0	3	5	HB	13	46	3
0	62	2	u	0	0	3	6	HB	16	46	3
0	62	2	u	0	0	3	7	HB	15	46	3
0	62	2	u	0	0	4	0	HB	4	46	4
0	62	2	u	0	0	4	1	HB	3	46	4
0	62	2	u	0	0	4	2	HB	2	46	4
0	62	2	u	0	0	4	3	HB	1	46	4
0	62	2	u	0	0	4	4	HB	4	46	2
0	62	2	u	0	0	4	5	HB	3	46	2
0	62	2	u	0	0	4	6	HB	2	46	2
0	62	2	u	0	0	4	7	HB	1	46	2
0	62	2	u	0	0	5	0	HB	2	46	1
0	62	2	u	0	0	5	1	HB	1	46	1
0	62	2	u	0	0	5	2	HB	4	46	1
0	62	2	u	0	0	5	3	HB	3	46	1
0	62	2	u	0	0	5	4	HB	2	46	3
0	62	2	u	0	0	5	5	HB	1	46	3
0	62	2	u	0	0	5	6	HB	4	46	3
0	62	2	u	0	0	5	7	HB	3	46	3
0	62	2	u	0	0	6	0	HB	8	46	4
0	62	2	u	0	0	6	1	HB	7	46	4
0	62	2	u	0	0	6	2	HB	6	46	4
0	62	2	u	0	0	6	3	HB	5	46	4
0	62	2	u	0	0	6	4	HB	8	46	2
0	62	2	u	0	0	6	5	HB	7	46	2
0	62	2	u	0	0	6	6	HB	6	46	2
0	62	2	u	0	0	6	7	HB	5	46	2
0	62	2	u	0	0	7	0	HB	6	46	1
0	62	2	u	0	0	7	1	HB	5	46	1
0	62	2	u	0	0	7	2	HB	8	46	1
0	62	2	u	0	0	7	3	HB	7	46	1
0	62	2	u	0	0	7	4	HB	6	46	3
0	62	2	u	0	0	7	5	HB	5	46	3
0	62	2	u	0	0	7	6	HB	8	46	3
0	62	2	u	0	0	7	7	HB	7	46	3
0	62	2	u	0	0	8	0	HB	12	46	4
0	62	2	u	0	0	8	1	HB	11	46	4
0	62	2	u	0	0	8	2	HB	10	46	4
0	62	2	u	0	0	8	3	HB	9	46	4
0	62	2	u	0	0	8	4	HB	12	46	2
0	62	2	u	0	0	8	5	HB	11	46	2
0	62	2	u	0	0	8	6	HB	10	46	2
0	62	2	u	0	0	8	7	HB	9	46	2
0	62	3	u	0	0	1	0	HB	10	47	4
0	62	3	u	0	0	1	1	HB	9	47	4
0	62	3	u	0	0	1	2	HB	12	47	4
0	62	3	u	0	0	1	3	HB	11	47	4
0	62	3	u	0	0	1	4	HB	10	47	2
0	62	3	u	0	0	1	5	HB	9	47	2
0	62	3	u	0	0	1	6	HB	12	47	2
0	62	3	u	0	0	1	7	HB	11	47	2
0	62	3	u	0	0	2	0	HB	16	47	1
0	62	3	u	0	0	2	1	HB	15	47	1
0	62	3	u	0	0	2	2	HB	14	47	1
0	62	3	u	0	0	2	3	HB	13	47	1
0	62	3	u	0	0	2	4	HB	16	47	3
0	62	3	u	0	0	2	5	HB	15	47	3
0	62	3	u	0	0	2	6	HB	14	47	3
0	62	3	u	0	0	2	7	HB	13	47	3
0	62	3	u	0	0	3	0	HB	14	47	4
0	62	3	u	0	0	3	1	HB	13	47	4
0	62	3	u	0	0	3	2	HB	16	47	4
0	62	3	u	0	0	3	3	HB	15	47	4
0	62	3	u	0	0	3	4	HB	14	47	2
0	62	3	u	0	0	3	5	HB	13	47	2
0	62	3	u	0	0	3	6	HB	16	47	2
0	62	3	u	0	0	3	7	HB	15	47	2
0	62	3	u	0	0	4	0	HB	4	47	1
0	62	3	u	0	0	4	1	HB	3	47	1
0	62	3	u	0	0	4	2	HB	2	47	1
0	62	3	u	0	0	4	3	HB	1	47	1
0	62	3	u	0	0	4	4	HB	4	47	3
0	62	3	u	0	0	4	5	HB	3	47	3
0	62	3	u	0	0	4	6	HB	2	47	3
0	62	3	u	0	0	4	7	HB	1	47	3
0	62	3	u	0	0	5	0	HB	2	47	4
0	62	3	u	0	0	5	1	HB	1	47	4
0	62	3	u	0	0	5	2	HB	4	47	4
0	62	3	u	0	0	5	3	HB	3	47	4
0	62	3	u	0	0	5	4	HB	2	47	2
0	62	3	u	0	0	5	5	HB	1	47	2
0	62	3	u	0	0	5	6	HB	4	47	2
0	62	3	u	0	0	5	7	HB	3	47	2
0	62	3	u	0	0	6	0	HB	8	47	1
0	62	3	u	0	0	6	1	HB	7	47	1
0	62	3	u	0	0	6	2	HB	6	47	1
0	62	3	u	0	0	6	3	HB	5	47	1
0	62	3	u	0	0	6	4	HB	8	47	3
0	62	3	u	0	0	6	5	HB	7	47	3
0	62	3	u	0	0	6	6	HB	6	47	3
0	62	3	u	0	0	6	7	HB	5	47	3
0	62	3	u	0	0	7	0	HB	6	47	4
0	62	3	u	0	0	7	1	HB	5	47	4
0	62	3	u	0	0	7	2	HB	8	47	4
0	62	3	u	0	0	7	3	HB	7	47	4
0	62	3	u	0	0	7	4	HB	6	47	2
0	62	3	u	0	0	7	5	HB	5	47	2
0	62	3	u	0	0	7	6	HB	8	47	2
0	62	3	u	0	0	7	7	HB	7	47	2
0	62	3	u	0	0	8	0	HB	12	47	1
0	62	3	u	0	0	8	1	HB	11	47	1
0	62	3	u	0	0	8	2	HB	10	47	1
0	62	3	u	0	0	8	3	HB	9	47	1
0	62	3	u	0	0	8	4	HB	12	47	3
0	62	3	u	0	0	8	5	HB	11	47	3
0	62	3	u	0	0	8	6	HB	10	47	3
0	62	3	u	0	0	8	7	HB	9	47	3
0	62	3	u	0	0	1	0	HB	10	48	1
0	62	3	u	0	0	1	1	HB	9	48	1
0	62	3	u	0	0	1	2	HB	12	48	1
0	62	3	u	0	0	1	3	HB	11	48	1
0	62	3	u	0	0	1	4	HB	10	48	3
0	62	3	u	0	0	1	5	HB	9	48	3
0	62	3	u	0	0	1	6	HB	12	48	3
0	62	3	u	0	0	1	7	HB	11	48	3
0	62	3	u	0	0	2	0	HB	16	48	4
0	62	3	u	0	0	2	1	HB	15	48	4
0	62	3	u	0	0	2	2	HB	14	48	4
0	62	3	u	0	0	2	3	HB	13	48	4
0	62	3	u	0	0	2	4	HB	16	48	2
0	62	3	u	0	0	2	5	HB	15	48	2
0	62	3	u	0	0	2	6	HB	14	48	2
0	62	3	u	0	0	2	7	HB	13	48	2
0	62	3	u	0	0	3	0	HB	14	48	1
0	62	3	u	0	0	3	1	HB	13	48	1
0	62	3	u	0	0	3	2	HB	16	48	1
0	62	3	u	0	0	3	3	HB	15	48	1
0	62	3	u	0	0	3	4	HB	14	48	3
0	62	3	u	0	0	3	5	HB	13	48	3
0	62	3	u	0	0	3	6	HB	16	48	3
0	62	3	u	0	0	3	7	HB	15	48	3
0	62	3	u	0	0	4	0	HB	4	48	4
0	62	3	u	0	0	4	1	HB	3	48	4
0	62	3	u	0	0	4	2	HB	2	48	4
0	62	3	u	0	0	4	3	HB	1	48	4
0	62	3	u	0	0	4	4	HB	4	48	2
0	62	3	u	0	0	4	5	HB	3	48	2
0	62	3	u	0	0	4	6	HB	2	48	2
0	62	3	u	0	0	4	7	HB	1	48	2
0	62	3	u	0	0	5	0	HB	2	48	1
0	62	3	u	0	0	5	1	HB	1	48	1
0	62	3	u	0	0	5	2	HB	4	48	1
0	62	3	u	0	0	5	3	HB	3	48	1
0	62	3	u	0	0	5	4	HB	2	48	3
0	62	3	u	0	0	5	5	HB	1	48	3
0	62	3	u	0	0	5	6	HB	4	48	3
0	62	3	u	0	0	5	7	HB	3	48	3
0	62	3	u	0	0	6	0	HB	8	48	4
0	62	3	u	0	0	6	1	HB	7	48	4
0	62	3	u	0	0	6	2	HB	6	48	4
0	62	3	u	0	0	6	3	HB	5	48	4
0	62	3	u	0	0	6	4	HB	8	48	2
0	62	3	u	0	0	6	5	HB	7	48	2
0	62	3	u	0	0	6	6	HB	6	48	2
0	62	3	u	0	0	6	7	HB	5	48	2
0	62	3	u	0	0	7	0	HB	6	48	1
0	62	3	u	0	0	7	1	HB	5	48	1
0	62	3	u	0	0	7	2	HB	8	48	1
0	62	3	u	0	0	7	3	HB	7	48	1
0	62	3	u	0	0	7	4	HB	6	48	3
0	62	3	u	0	0	7	5	HB	5	48	3
0	62	3	u	0	0	7	6	HB	8	48	3
0	62	3	u	0	0	7	7	HB	7	48	3
0	62	3	u	0	0	8	0	HB	12	48	4
0	62	3	u	0	0	8	1	HB	11	48	4
0	62	3	u	0	0	8	2	HB	10	48	4
0	62	3	u	0	0	8	3	HB	9	48	4
0	62	3	u	0	0	8	4	HB	12	48	2
0	62	3	u	0	0	8	5	HB	11	48	2
0	62	3	u	0	0	8	6	HB	10	48	2
0	62	3	u	0	0	8	7	HB	9	48	2
0	62	3	u	0	0	1	0	HB	10	49	4
0	62	3	u	0	0	1	1	HB	9	49	4
0	62	3	u	0	0	1	2	HB	12	49	4
0	62	3	u	0	0	1	3	HB	11	49	4
0	62	3	u	0	0	1	4	HB	10	49	2
0	62	3	u	0	0	1	5	HB	9	49	2
0	62	3	u	0	0	1	6	HB	12	49	2
0	62	3	u	0	0	1	7	HB	11	49	2
0	62	3	u	0	0	2	0	HB	16	49	1
0	62	3	u	0	0	2	1	HB	15	49	1
0	62	3	u	0	0	2	2	HB	14	49	1
0	62	3	u	0	0	2	3	HB	13	49	1
0	62	3	u	0	0	2	4	HB	16	49	3
0	62	3	u	0	0	2	5	HB	15	49	3
0	62	3	u	0	0	2	6	HB	14	49	3
0	62	3	u	0	0	2	7	HB	13	49	3
0	62	3	u	0	0	3	0	HB	14	49	4
0	62	3	u	0	0	3	1	HB	13	49	4
0	62	3	u	0	0	3	2	HB	16	49	4
0	62	3	u	0	0	3	3	HB	15	49	4
0	62	3	u	0	0	3	4	HB	14	49	2
0	62	3	u	0	0	3	5	HB	13	49	2
0	62	3	u	0	0	3	6	HB	16	49	2
0	62	3	u	0	0	3	7	HB	15	49	2
0	62	3	u	0	0	4	0	HB	4	49	1
0	62	3	u	0	0	4	1	HB	3	49	1
0	62	3	u	0	0	4	2	HB	2	49	1
0	62	3	u	0	0	4	3	HB	1	49	1
0	62	3	u	0	0	4	4	HB	4	49	3
0	62	3	u	0	0	4	5	HB	3	49	3
0	62	3	u	0	0	4	6	HB	2	49	3
0	62	3	u	0	0	4	7	HB	1	49	3
0	62	3	u	0	0	5	0	HB	2	49	4
0	62	3	u	0	0	5	1	HB	1	49	4
0	62	3	u	0	0	5	2	HB	4	49	4
0	62	3	u	0	0	5	3	HB	3	49	4
0	62	3	u	0	0	5	4	HB	2	49	2
0	62	3	u	0	0	5	5	HB	1	49	2
0	62	3	u	0	0	5	6	HB	4	49	2
0	62	3	u	0	0	5	7	HB	3	49	2
0	62	3	u	0	0	6	0	HB	8	49	1
0	62	3	u	0	0	6	1	HB	7	49	1
0	62	3	u	0	0	6	2	HB	6	49	1
0	62	3	u	0	0	6	3	HB	5	49	1
0	62	3	u	0	0	6	4	HB	8	49	3
0	62	3	u	0	0	6	5	HB	7	49	3
0	62	3	u	0	0	6	6	HB	6	49	3
0	62	3	u	0	0	6	7	HB	5	49	3
0	62	3	u	0	0	7	0	HB	6	49	4
0	62	3	u	0	0	7	1	HB	5	49	4
0	62	3	u	0	0	7	2	HB	8	49	4
0	62	3	u	0	0	7	3	HB	7	49	4
0	62	3	u	0	0	7	4	HB	6	49	2
0	62	3	u	0	0	7	5	HB	5	49	2
0	62	3	u	0	0	7	6	HB	8	49	2
0	62	3	u	0	0	7	7	HB	7	49	2
0	62	3	u	0	0	8	0	HB	12	49	1
0	62	3	u	0	0	8	1	HB	11	49	1
0	62	3	u	0	0	8	2	HB	10	49	1
0	62	3	u	0	0	8	3	HB	9	49	1
0	62	3	u	0	0	8	4	HB	12	49	3
0	62	3	u	0	0	8	5	HB	11	49	3
0	62	3	u	0	0	8	6	HB	10	49	3
0	62	3	u	0	0	8	7	HB	9	49	3
0	62	4	u	0	0	1	0	HB	10	50	1
0	62	4	u	0	0	1	1	HB	9	50	1
0	62	4	u	0	0	1	2	HB	12	50	1
0	62	4	u	0	0	1	3	HB	11	50	1
0	62	4	u	0	0	1	4	HB	10	50	3
0	62	4	u	0	0	1	5	HB	9	50	3
0	62	4	u	0	0	1	6	HB	12	50	3
0	62	4	u	0	0	1	7	HB	11	50	3
0	62	4	u	0	0	2	0	HB	16	50	4
0	62	4	u	0	0	2	1	HB	15	50	4
0	62	4	u	0	0	2	2	HB	14	50	4
0	62	4	u	0	0	2	3	HB	13	50	4
0	62	4	u	0	0	2	4	HB	16	50	2
0	62	4	u	0	0	2	5	HB	15	50	2
0	62	4	u	0	0	2	6	HB	14	50	2
0	62	4	u	0	0	2	7	HB	13	50	2
0	62	4	u	0	0	3	0	HB	14	50	1
0	62	4	u	0	0	3	1	HB	13	50	1
0	62	4	u	0	0	3	2	HB	16	50	1
0	62	4	u	0	0	3	3	HB	15	50	1
0	62	4	u	0	0	3	4	HB	14	50	3
0	62	4	u	0	0	3	5	HB	13	50	3
0	62	4	u	0	0	3	6	HB	16	50	3
0	62	4	u	0	0	3	7	HB	15	50	3
0	62	4	u	0	0	4	0	HB	4	50	4
0	62	4	u	0	0	4	1	HB	3	50	4
0	62	4	u	0	0	4	2	HB	2	50	4
0	62	4	u	0	0	4	3	HB	1	50	4
0	62	4	u	0	0	4	4	HB	4	50	2
0	62	4	u	0	0	4	5	HB	3	50	2
0	62	4	u	0	0	4	6	HB	2	50	2
0	62	4	u	0	0	4	7	HB	1	50	2
0	62	4	u	0	0	5	0	HB	2	50	1
0	62	4	u	0	0	5	1	HB	1	50	1
0	62	4	u	0	0	5	2	HB	4	50	1
0	62	4	u	0	0	5	3	HB	3	50	1
0	62	4	u	0	0	5	4	HB	2	50	3
0	62	4	u	0	0	5	5	HB	1	50	3
0	62	4	u	0	0	5	6	HB	4	50	3
0	62	4	u	0	0	5	7	HB	3	50	3
0	62	4	u	0	0	6	0	HB	8	50	4
0	62	4	u	0	0	6	1	HB	7	50	4
0	62	4	u	0	0	6	2	HB	6	50	4
0	62	4	u	0	0	6	3	HB	5	50	4
0	62	4	u	0	0	6	4	HB	8	50	2
0	62	4	u	0	0	6	5	HB	7	50	2
0	62	4	u	0	0	6	6	HB	6	50	2
0	62	4	u	0	0	6	7	HB	5	50	2
0	62	4	u	0	0	7	0	HB	6	50	1
0	62	4	u	0	0	7	1	HB	5	50	1
0	62	4	u	0	0	7	2	HB	8	50	1
0	62	4	u	0	0	7	3	HB	7	50	1
0	62	4	u	0	0	7	4	HB	6	50	3
0	62	4	u	0	0	7	5	HB	5	50	3
0	62	4	u	0	0	7	6	HB	8	50	3
0	62	4	u	0	0	7	7	HB	7	50	3
0	62	4	u	0	0	8	0	HB	12	50	4
0	62	4	u	0	0	8	1	HB	11	50	4
0	62	4	u	0	0	8	2	HB	10	50	4
0	62	4	u	0	0	8	3	HB	9	50	4
0	62	4	u	0	0	8	4	HB	12	50	2
0	62	4	u	0	0	8	5	HB	11	50	2
0	62	4	u	0	0	8	6	HB	10	50	2
0	62	4	u	0	0	8	7	HB	9	50	2
0	62	4	u	0	0	1	0	HB	10	51	4
0	62	4	u	0	0	1	1	HB	9	51	4
0	62	4	u	0	0	1	2	HB	12	51	4
0	62	4	u	0	0	1	3	HB	11	51	4
0	62	4	u	0	0	1	4	HB	10	51	2
0	62	4	u	0	0	1	5	HB	9	51	2
0	62	4	u	0	0	1	6	HB	12	51	2
0	62	4	u	0	0	1	7	HB	11	51	2
0	62	4	u	0	0	2	0	HB	16	51	1
0	62	4	u	0	0	2	1	HB	15	51	1
0	62	4	u	0	0	2	2	HB	14	51	1
0	62	4	u	0	0	2	3	HB	13	51	1
0	62	4	u	0	0	2	4	HB	16	51	3
0	62	4	u	0	0	2	5	HB	15	51	3
0	62	4	u	0	0	2	6	HB	14	51	3
0	62	4	u	0	0	2	7	HB	13	51	3
0	62	4	u	0	0	3	0	HB	14	51	4
0	62	4	u	0	0	3	1	HB	13	51	4
0	62	4	u	0	0	3	2	HB	16	51	4
0	62	4	u	0	0	3	3	HB	15	51	4
0	62	4	u	0	0	3	4	HB	14	51	2
0	62	4	u	0	0	3	5	HB	13	51	2
0	62	4	u	0	0	3	6	HB	16	51	2
0	62	4	u	0	0	3	7	HB	15	51	2
0	62	4	u	0	0	4	0	HB	4	51	1
0	62	4	u	0	0	4	1	HB	3	51	1
0	62	4	u	0	0	4	2	HB	2	51	1
0	62	4	u	0	0	4	3	HB	1	51	1
0	62	4	u	0	0	4	4	HB	4	51	3
0	62	4	u	0	0	4	5	HB	3	51	3
0	62	4	u	0	0	4	6	HB	2	51	3
0	62	4	u	0	0	4	7	HB	1	51	3
0	62	4	u	0	0	5	0	HB	2	51	4
0	62	4	u	0	0	5	1	HB	1	51	4
0	62	4	u	0	0	5	2	HB	4	51	4
0	62	4	u	0	0	5	3	HB	3	51	4
0	62	4	u	0	0	5	4	HB	2	51	2
0	62	4	u	0	0	5	5	HB	1	51	2
0	62	4	u	0	0	5	6	HB	4	51	2
0	62	4	u	0	0	5	7	HB	3	51	2
0	62	4	u	0	0	6	0	HB	8	51	1
0	62	4	u	0	0	6	1	HB	7	51	1
0	62	4	u	0	0	6	2	HB	6	51	1
0	62	4	u	0	0	6	3	HB	5	51	1
0	62	4	u	0	0	6	4	HB	8	51	3
0	62	4	u	0	0	6	5	HB	7	51	3
0	62	4	u	0	0	6	6	HB	6	51	3
0	62	4	u	0	0	6	7	HB	5	51	3
0	62	4	u	0	0	7	0	HB	6	51	4
0	62	4	u	0	0	7	1	HB	5	51	4
0	62	4	u	0	0	7	2	HB	8	51	4
0	62	4	u	0	0	7	3	HB	7	51	4
0	62	4	u	0	0	7	4	HB	6	51	2
0	62	4	u	0	0	7	5	HB	5	51	2
0	62	4	u	0	0	7	6	HB	8	51	2
0	62	4	u	0	0	7	7	HB	7	51	2
0	62	4	u	0	0	8	0	HB	12	51	1
0	62	4	u	0	0	8	1	HB	11	51	1
0	62	4	u	0	0	8	2	HB	10	51	1
0	62	4	u	0	0	8	3	HB	9	51	1
0	62	4	u	0	0	8	4	HB	12	51	3
0	62	4	u	0	0	8	5	HB	11	51	3
0	62	4	u	0	0	8	6	HB	10	51	3
0	62	4	u	0	0	8	7	HB	9	51	3
0	62	4	u	0	0	1	0	HB	10	52	1
0	62	4	u	0	0	1	1	HB	9	52	1
0	62	4	u	0	0	1	2	HB	12	52	1
0	62	4	u	0	0	1	3	HB	11	52	1
0	62	4	u	0	0	1	4	HB	10	52	3
0	62	4	u	0	0	1	5	HB	9	52	3
0	62	4	u	0	0	1	6	HB	12	52	3
0	62	4	u	0	0	1	7	HB	11	52	3
0	62	4	u	0	0	2	0	HB	16	52	4
0	62	4	u	0	0	2	1	HB	15	52	4
0	62	4	u	0	0	2	2	HB	14	52	4
0	62	4	u	0	0	2	3	HB	13	52	4
0	62	4	u	0	0	2	4	HB	16	52	2
0	62	4	u	0	0	2	5	HB	15	52	2
0	62	4	u	0	0	2	6	HB	14	52	2
0	62	4	u	0	0	2	7	HB	13	52	2
0	62	4	u	0	0	3	0	HB	14	52	1
0	62	4	u	0	0	3	1	HB	13	52	1
0	62	4	u	0	0	3	2	HB	16	52	1
0	62	4	u	0	0	3	3	HB	15	52	1
0	62	4	u	0	0	3	4	HB	14	52	3
0	62	4	u	0	0	3	5	HB	13	52	3
0	62	4	u	0	0	3	6	HB	16	52	3
0	62	4	u	0	0	3	7	HB	15	52	3
0	62	4	u	0	0	4	0	HB	4	52	4
0	62	4	u	0	0	4	1	HB	3	52	4
0	62	4	u	0	0	4	2	HB	2	52	4
0	62	4	u	0	0	4	3	HB	1	52	4
0	62	4	u	0	0	4	4	HB	4	52	2
0	62	4	u	0	0	4	5	HB	3	52	2
0	62	4	u	0	0	4	6	HB	2	52	2
0	62	4	u	0	0	4	7	HB	1	52	2
0	62	4	u	0	0	5	0	HB	2	52	1
0	62	4	u	0	0	5	1	HB	1	52	1
0	62	4	u	0	0	5	2	HB	4	52	1
0	62	4	u	0	0	5	3	HB	3	52	1
0	62	4	u	0	0	5	4	HB	2	52	3
0	62	4	u	0	0	5	5	HB	1	52	3
0	62	4	u	0	0	5	6	HB	4	52	3
0	62	4	u	0	0	5	7	HB	3	52	3
0	62	4	u	0	0	6	0	HB	8	52	4
0	62	4	u	0	0	6	1	HB	7	52	4
0	62	4	u	0	0	6	2	HB	6	52	4
0	62	4	u	0	0	6	3	HB	5	52	4
0	62	4	u	0	0	6	4	HB	8	52	2
0	62	4	u	0	0	6	5	HB	7	52	2
0	62	4	u	0	0	6	6	HB	6	52	2
0	62	4	u	0	0	6	7	HB	5	52	2
0	62	4	u	0	0	7	0	HB	6	52	1
0	62	4	u	0	0	7	1	HB	5	52	1
0	62	4	u	0	0	7	2	HB	8	52	1
0	62	4	u	0	0	7	3	HB	7	52	1
0	62	4	u	0	0	7	4	HB	6	52	3
0	62	4	u	0	0	7	5	HB	5	52	3
0	62	4	u	0	0	7	6	HB	8	52	3
0	62	4	u	0	0	7	7	HB	7	52	3
0	62	4	u	0	0	8	0	HB	12	52	4
0	62	4	u	0	0	8	1	HB	11	52	4
0	62	4	u	0	0	8	2	HB	10	52	4
0	62	4	u	0	0	8	3	HB	9	52	4
0	62	4	u	0	0	8	4	HB	12	52	2
0	62	4	u	0	0	8	5	HB	11	52	2
0	62	4	u	0	0	8	6	HB	10	52	2
0	62	4	u	0	0	8	7	HB	9	52	2
0	63	9	u	0	0	1	0	HB	0	0	0
0	63	9	u	0	0	1	1	HB	0	0	0
0	63	9	u	0	0	1	2	HB	0	0	0
0	63	9	u	0	0	1	3	HB	0	0	0
0	63	9	u	0	0	1	4	HB	0	0	0
0	63	9	u	0	0	1	5	HB	0	0	0
0	63	9	u	0	0	1	6	HB	0	0	0
0	63	9	u	0	0	1	7	HB	0	0	0
0	63	9	u	0	0	2	0	HB	0	0	0
0	63	9	u	0	0	2	1	HB	0	0	0
0	63	9	u	0	0	2	2	HB	0	0	0
0	63	9	u	0	0	2	3	HB	0	0	0
0	63	9	u	0	0	2	4	HB	0	0	0
0	63	9	u	0	0	2	5	HB	0	0	0
0	63	9	u	0	0	2	6	HB	0	0	0
0	63	9	u	0	0	2	7	HB	0	0	0
0	63	9	u	0	0	1	0	HB	0	0	0
0	63	9	u	0	0	1	1	HB	0	0	0
0	63	9	u	0	0	1	2	HB	0	0	0
0	63	9	u	0	0	1	3	HB	0	0	0
0	63	9	u	0	0	1	4	HB	0	0	0
0	63	9	u	0	0	1	5	HB	0	0	0
0	63	9	u	0	0	1	6	HB	0	0	0
0	63	9	u	0	0	1	7	HB	0	0	0
0	63	9	u	0	0	2	0	HB	0	0	0
0	63	9	u	0	0	2	1	HB	0	0	0
0	63	9	u	0	0	2	2	HB	0	0	0
0	63	9	u	0	0	2	3	HB	0	0	0
0	63	9	u	0	0	2	4	HB	0	0	0
0	63	9	u	0	0	2	5	HB	0	0	0
0	63	9	u	0	0	2	6	HB	0	0	0
0	63	9	u	0	0	2	7	HB	0	0	0
0	63	9	u	0	0	1	0	HB	0	0	0
0	63	9	u	0	0	1	1	HB	0	0	0
0	63	9	u	0	0	1	2	HB	0	0	0
0	63	9	u	0	0	1	3	HB	0	0	0
0	63	9	u	0	0	1	4	HB	0	0	0
0	63	9	u	0	0	1	5	HB	0	0	0
0	63	9	u	0	0	1	6	HB	0	0	0
0	63	9	u	0	0	1	7	HB	0	0	0
0	63	9	u	0	0	2	0	HB	0	0	0
0	63	9	u	0	0	2	1	HB	0	0	0
0	63	9	u	0	0	2	2	HB	0	0	0
0	63	9	u	0	0	2	3	HB	0	0	0
0	63	9	u	0	0	2	4	HB	0	0	0
0	63	9	u	0	0	2	5	HB	0	0	0
0	63	9	u	0	0	2	6	HB	0	0	0
0	63	9	u	0	0	2	7	HB	0	0	0
0	63	9	u	0	0	1	0	HB	0	0	0
0	63	9	u	0	0	1	1	HB	0	0	0
0	63	9	u	0	0	1	2	HB	0	0	0
0	63	9	u	0	0	1	3	HB	0	0	0
0	63	9	u	0	0	1	4	HB	0	0	0
0	63	9	u	0	0	1	5	HB	0	0	0
0	63	9	u	0	0	1	6	HB	0	0	0
0	63	9	u	0	0	1	7	HB	0	0	0
0	63	9	u	0	0	2	0	HB	0	0	0
0	63	9	u	0	0	2	1	HB	0	0	0
0	63	9	u	0	0	2	2	HB	0	0	0
0	63	9	u	0	0	2	3	HB	0	0	0
0	63	9	u	0	0	2	4	HB	0	0	0
0	63	9	u	0	0	2	5	HB	0	0	0
0	63	9	u	0	0	2	6	HB	0	0	0
0	63	9	u	0	0	2	7	HB	0	0	0
0	63	9	u	0	0	1	0	HB	0	0	0
0	63	9	u	0	0	1	1	HB	0	0	0
0	63	9	u	0	0	1	2	HB	0	0	0
0	63	9	u	0	0	1	3	HB	0	0	0
0	63	9	u	0	0	1	4	HB	0	0	0
0	63	9	u	0	0	1	5	HB	0	0	0
0	63	9	u	0	0	1	6	HB	0	0	0
0	63	9	u	0	0	1	7	HB	0	0	0
0	63	9	u	0	0	2	0	HB	0	0	0
0	63	9	u	0	0	2	1	HB	0	0	0
0	63	9	u	0	0	2	2	HB	0	0	0
0	63	9	u	0	0	2	3	HB	0	0	0
0	63	9	u	0	0	2	4	HB	0	0	0
0	63	9	u	0	0	2	5	HB	0	0	0
0	63	9	u	0	0	2	6	HB	0	0	0
0	63	9	u	0	0	2	7	HB	0	0	0
0	63	9	u	0	0	1	0	HB	0	0	0
0	63	9	u	0	0	1	1	HB	0	0	0
0	63	9	u	0	0	1	2	HB	0	0	0
0	63	9	u	0	0	1	3	HB	0	0	0
0	63	9	u	0	0	1	4	HB	0	0	0
0	63	9	u	0	0	1	5	HB	0	0	0
0	63	9	u	0	0	1	6	HB	0	0	0
0	63	9	u	0	0	1	7	HB	0	0	0
0	63	9	u	0	0	2	0	HB	0	0	0
0	63	9	u	0	0	2	1	HB	0	0	0
0	63	9	u	0	0	2	2	HB	0	0	0
0	63	9	u	0	0	2	3	HB	0	0	0
0	63	9	u	0	0	2	4	HB	0	0	0
0	63	9	u	0	0	2	5	HB	0	0	0
0	63	9	u	0	0	2	6	HB	0	0	0
0	63	9	u	0	0	2	7	HB	0	0	0
0	63	9	u	0	0	1	0	HB	0	0	0
0	63	9	u	0	0	1	1	HB	0	0	0
0	63	9	u	0	0	1	2	HB	0	0	0
0	63	9	u	0	0	1	3	HB	0	0	0
0	63	9	u	0	0	1	4	HB	0	0	0
0	63	9	u	0	0	1	5	HB	0	0	0
0	63	9	u	0	0	1	6	HB	0	0	0
0	63	9	u	0	0	1	7	HB	0	0	0
0	63	9	u	0	0	2	0	HB	0	0	0
0	63	9	u	0	0	2	1	HB	0	0	0
0	63	9	u	0	0	2	2	HB	0	0	0
0	63	9	u	0	0	2	3	HB	0	0	0
0	63	9	u	0	0	2	4	HB	0	0	0
0	63	9	u	0	0	2	5	HB	0	0	0
0	63	9	u	0	0	2	6	HB	0	0	0
0	63	9	u	0	0	2	7	HB	0	0	0
0	63	9	u	0	0	1	0	HB	0	0	0
0	63	9	u	0	0	1	1	HB	0	0	0
0	63	9	u	0	0	1	2	HB	0	0	0
0	63	9	u	0	0	1	3	HB	0	0	0
0	63	9	u	0	0	1	4	HB	0	0	0
0	63	9	u	0	0	1	5	HB	0	0	0
0	63	9	u	0	0	1	6	HB	0	0	0
0	63	9	u	0	0	1	7	HB	0	0	0
0	63	9	u	0	0	2	0	HB	0	0	0
0	63	9	u	0	0	2	1	HB	0	0	0
0	63	9	u	0	0	2	2	HB	0	0	0
0	63	9	u	0	0	2	3	HB	0	0	0
0	63	9	u	0	0	2	4	HB	0	0	0
0	63	9	u	0	0	2	5	HB	0	0	0
0	63	9	u	0	0	2	6	HB	0	0	0
0	63	9	u	0	0	2	7	HB	0	0	0
0	63	9	u	0	0	1	0	HB	0	0	0
0	63	9	u	0	0	1	1	HB	0	0	0
0	63	9	u	0	0	1	2	HB	0	0	0
0	63	9	u	0	0	1	3	HB	0	0	0
0	63	9	u	0	0	1	4	HB	0	0	0
0	63	9	u	0	0	1	5	HB	0	0	0
0	63	9	u	0	0	1	6	HB	0	0	0
0	63	9	u	0	0	1	7	HB	0	0	0
0	63	9	u	0	0	2	0	HB	0	0	0
0	63	9	u	0	0	2	1	HB	0	0	0
0	63	9	u	0	0	2	2	HB	0	0	0
0	63	9	u	0	0	2	3	HB	0	0	0
0	63	9	u	0	0	2	4	HB	0	0	0
0	63	9	u	0	0	2	5	HB	0	0	0
0	63	9	u	0	0	2	6	HB	0	0	0
0	63	9	u	0	0	2	7	HB	0	0	0
0	63	9	u	0	0	1	0	HB	0	0	0
0	63	9	u	0	0	1	1	HB	0	0	0
0	63	9	u	0	0	1	2	HB	0	0	0
0	63	9	u	0	0	1	3	HB	0	0	0
0	63	9	u	0	0	1	4	HB	0	0	0
0	63	9	u	0	0	1	5	HB	0	0	0
0	63	9	u	0	0	1	6	HB	0	0	0
0	63	9	u	0	0	1	7	HB	0	0	0
0	63	9	u	0	0	2	0	HB	0	0	0
0	63	9	u	0	0	2	1	HB	0	0	0
0	63	9	u	0	0	2	2	HB	0	0	0
0	63	9	u	0	0	2	3	HB	0	0	0
0	63	9	u	0	0	2	4	HB	0	0	0
0	63	9	u	0	0	2	5	HB	0	0	0
0	63	9	u	0	0	2	6	HB	0	0	0
0	63	9	u	0	0	2	7	HB	0	0	0
0	63	9	u	0	0	1	0	HB	0	0	0
0	63	9	u	0	0	1	1	HB	0	0	0
0	63	9	u	0	0	1	2	HB	0	0	0
0	63	9	u	0	0	1	3	HB	0	0	0
0	63	9	u	0	0	1	4	HB	0	0	0
0	63	9	u	0	0	1	5	HB	0	0	0
0	63	9	u	0	0	1	6	HB	0	0	0
0	63	9	u	0	0	1	7	HB	0	0	0
0	63	9	u	0	0	2	0	HB	0	0	0
0	63	9	u	0	0	2	1	HB	0	0	0
0	63	9	u	0	0	2	2	HB	0	0	0
0	63	9	u	0	0	2	3	HB	0	0	0
0	63	9	u	0	0	2	4	HB	0	0	0
0	63	9	u	0	0	2	5	HB	0	0	0
0	63	9	u	0	0	2	6	HB	0	0	0
0	63	9	u	0	0	2	7	HB	0	0	0
0	63	9	u	0	0	1	0	HB	0	0	0
0	63	9	u	0	0	1	1	HB	0	0	0
0	63	9	u	0	0	1	2	HB	0	0	0
0	63	9	u	0	0	1	3	HB	0	0	0
0	63	9	u	0	0	1	4	HB	0	0	0
0	63	9	u	0	0	1	5	HB	0	0	0
0	63	9	u	0	0	1	6	HB	0	0	0
0	63	9	u	0	0	1	7	HB	0	0	0
0	63	9	u	0	0	2	0	HB	0	0	0
0	63	9	u	0	0	2	1	HB	0	0	0
0	63	9	u	0	0	2	2	HB	0	0	0
0	63	9	u	0	0	2	3	HB	0	0	0
0	63	9	u	0	0	2	4	HB	0	0	0
0	63	9	u	0	0	2	5	HB	0	0	0
0	63	9	u	0	0	2	6	HB	0	0	0
0	63	9	u	0	0	2	7	HB	0	0	0
