#  i     cr   sl  tb dcc   spigot   RM  QIE  RM_fib+1 RM_fch    QIE_ch  SIPM     subdet eta phi depth 
420075C  41   9   u   0      0       1   1      2       0          1	16           HE  19  5  2 
420075C  41   9   u   0      0       1   1      2       1          2	30           HE  20  5  3
420075C  41   9   u   0      0       1   1      2       2          3	31           HE  22  5  3
420075C  41   9   u   0      0       1   1      2       3          4	32           HE  24  5  3
420075C  41   9   u   0      0       1   1      2       4          5	21           HE  24  5  2
420075C  41   9   u   0      0       1   1      2       5          6	22           HE  26  5  2
420075C  41   9   u   0      0       1   1      3       0          7	8            HE  29  5  1
420075C  41   9   u   0      0       1   1      3       1          8	7            HE  28  5  1
420075C  41   9   u   0      0       1   1      3       2          9	15           HE  18  5  2
420075C  41   9   u   0      0       1   1      3       3          10	14           HE  17  5  2
420075C  41   9   u   0      0       1   1      3       4          11	13           HE  16  5  4
420075C  41   9   u   0      0       1   1      3       5          12	24           HE  29  5  2
420075C  41   9   u   0      0       1   2      4       0          1	44           HE  24  5  6
420075C  41   9   u   0      0       1   2      4       1          2	36           HE  24  5  5
420075C  41   9   u   0      0       1   2      4       2          3	37           HE  26  5  5
420075C  41   9   u   0      0       1   2      4       3          4	45           HE  26  5  6
420075C  41   9   u   0      0       1   2      4       4          5	29           HE  19  5  3
420075C  41   9   u   0      0       1   2      4       5          6	39           HE  26  5  3
420075C  41   9   u   0      0       1   2      5       0          7	23           HE  28  5  2
420075C  41   9   u   0      0       1   2      5       1          8	38           HE  28  5  5
420075C  41   9   u   0      0       1   2      5       2          9	40           HE  28  5  3
420075C  41   9   u   0      0       1   2      5       3          10	48           HE  28  5  7
420075C  41   9   u   0      0       1   2      5       4          11	47           HE  26  5  7
420075C  41   9   u   0      0       1   2      5       5          12	46           HE  28  5  6
420075C  41   9   u   0      0       1   3      6       0          1	33           HE  19  5  5
420075C  41   9   u   0      0       1   3      6       1          2	26           HE  26  5  4
420075C  41   9   u   0      0       1   3      6       2          3	42           HE  20  5  6
420075C  41   9   u   0      0       1   3      6       3          4	34           HE  20  5  5
420075C  41   9   u   0      0       1   3      6       4          5	35           HE  22  5  5
420075C  41   9   u   0      0       1   3      6       5          6	43           HE  22  5  6
420075C  41   9   u   0      0       1   3      7       0          7	28           HE  18  5  3
420075C  41   9   u   0      0       1   3      7       1          8	27           HE  28  5  4
420075C  41   9   u   0      0       1   3      7       2          9	12           HE  17  5  3
420075C  41   9   u   0      0       1   3      7       3          10	11           HE  18  5  5
420075C  41   9   u   0      0       1   3      7       4          11	1            HE  18  5  1
420075C  41   9   u   0      0       1   3      7       5          12	9            HE  18  5  4
420075C  41   9   u   0      0       1   4      8       0          1	2            HE  19  5  1
420075C  41   9   u   0      0       1   4      8       1          2	3            HE  20  5  1
420075C  41   9   u   0      0       1   4      8       2          3	4            HE  22  5  1
420075C  41   9   u   0      0       1   4      8       3          4	5            HE  24  5  1
420075C  41   9   u   0      0       1   4      8       4          5	10           HE  19  5  4
420075C  41   9   u   0      0       1   4      8       5          6	6            HE  26  5  1
420075C  41   9   u   0      0       1   4      9       0          7	41           HE  19  5  6
420075C  41   9   u   0      0       1   4      9       1          8	25           HE  24  5  4
420075C  41   9   u   0      0       1   4      9       2          9	20           HE  22  5  2
420075C  41   9   u   0      0       1   4      9       3          10	19           HE  20  5  2
420075C  41   9   u   0      0       1   4      9       4          11	18           HE  22  5  4
420075C  41   9   u   0      0       1   4      9       5          12	17           HE  20  5  4
420075C  41   9   u   0      0       2   1      14       0          1	40           HE  19  6  5
420075C  41   9   u   0      0       2   1      14       1          2	48           HE  19  6  6
420075C  41   9   u   0      0       2   1      14       2          3	21           HE  21  6  2
420075C  41   9   u   0      0       2   1      14       3          4	22           HE  20  6  2
420075C  41   9   u   0      0       2   1      14       4          5	23           HE  21  6  4
420075C  41   9   u   0      0       2   1      14       5          6	24           HE  20  6  4
420075C  41   9   u   0      0       2   1      15       0          7	7            HE  19  6  1
420075C  41   9   u   0      0       2   1      15       1          8	6            HE  20  6  1
420075C  41   9   u   0      0       2   1      15       2          9	5            HE  21  6  1
420075C  41   9   u   0      0       2   1      15       3          10	4            HE  23  6  1
420075C  41   9   u   0      0       2   1      15       4          11	15           HE  19  6  4
420075C  41   9   u   0      0       2   1      15       5          12	3            HE  25  6  1
420075C  41   9   u   0      0       2   2      16       0          1	45           HE  23  6  6 
420075C  41   9   u   0      0       2   2      16       1          2	31           HE  25  6  4
420075C  41   9   u   0      0       2   2      16       2          3	39           HE  20  6  5
420075C  41   9   u   0      0       2   2      16       3          4	46           HE  21  6  6
420075C  41   9   u   0      0       2   2      16       4          5	32           HE  23  6  4
420075C  41   9   u   0      0       2   2      16       5          6	47           HE  20  6  6
420075C  41   9   u   0      0       2   2      17       0          7	8            HE  18  6  1
420075C  41   9   u   0      0       2   2      17       1          8	16           HE  18  6  4
420075C  41   9   u   0      0       2   2      17       2          9	14           HE  18  6  5
420075C  41   9   u   0      0       2   2      17       3          10	13           HE  17  6  3
420075C  41   9   u   0      0       2   2      17       4          11	30           HE  27  6  4
420075C  41   9   u   0      0       2   2      17       5          12	29           HE  18  6  3
420075C  41   9   u   0      0       2   3      18       0          1	41           HE  27  6  7
420075C  41   9   u   0      0       2   3      18       1          2	33           HE  27  6  3
420075C  41   9   u   0      0       2   3      18       2          3	35           HE  27  6  5
420075C  41   9   u   0      0       2   3      18       3          4	43           HE  27  6  6
420075C  41   9   u   0      0       2   3      18       4          5	42           HE  29  6  3
420075C  41   9   u   0      0       2   3      18       5          6	18           HE  99  6  2
420075C  41   9   u   0      0       2   3      19       0          7	38           HE  21  6  5
420075C  41   9   u   0      0       2   3      19       1          8	37           HE  23  6  5
420075C  41   9   u   0      0       2   3      19       2          9	44           HE  25  6  6
420075C  41   9   u   0      0       2   3      19       3          10	36           HE  25  6  5
420075C  41   9   u   0      0       2   3      19       4          11	28           HE  19  6  3
420075C  41   9   u   0      0       2   3      19       5          12	34           HE  25  6  3
420075C  41   9   u   0      0       2   4      20       0          1	1            HE  27  6  1
420075C  41   9   u   0      0       2   4      20       1          2	2            HE  98  6  1
420075C  41   9   u   0      0       2   4      20       2          3	10           HE  18  6  2
420075C  41   9   u   0      0       2   4      20       3          4	11           HE  17  6  2
420075C  41   9   u   0      0       2   4      20       4          5	12           HE  16  6  4
420075C  41   9   u   0      0       2   4      20       5          6	17           HE  27  6  2
420075C  41   9   u   0      0       2   4      21       0          7	9            HE  19  6  2
420075C  41   9   u   0      0       2   4      21       1          8	27           HE  20  6  3
420075C  41   9   u   0      0       2   4      21       2          9	26           HE  21  6  3
420075C  41   9   u   0      0       2   4      21       3          10	25           HE  23  6  3
420075C  41   9   u   0      0       2   4      21       4          11	20           HE  23  6  2
420075C  41   9   u   0      0       2   4      21       5          12	19           HE  25  6  2

